Results - based on chains 2 & 3 only as evidence of non-convergence with chain 1
30,000 burn in 70,000 iterations, seed 385916

	 node	 mean	 sd	 MC error	2.5%	median	97.5%	start	sample
	d[2,1]	-0.311	0.1844	0.004642	-0.6676	-0.3111	0.04897	30001	140000
	d[2,2]	0.4693	0.4804	0.01199	-0.4729	0.4675	1.407	30001	140000
	d[3,1]	-0.5475	0.1937	0.004523	-0.9185	-0.5484	-0.1636	30001	140000
	d[3,2]	0.4776	0.4692	0.01083	-0.4519	0.4826	1.396	30001	140000
	d[4,1]	-0.2099	0.2852	0.009549	-0.7669	-0.2145	0.3668	30001	140000
	d[4,2]	-0.1504	0.8008	0.0261	-1.737	-0.1372	1.425	30001	140000
	d[5,1]	-0.1065	0.3068	0.0102	-0.7035	-0.1125	0.5093	30001	140000
	d[5,2]	-1.403	0.8307	0.02741	-3.047	-1.395	0.232	30001	140000
	d[6,1]	0.3244	0.1745	0.005245	-0.01937	0.325	0.6704	30001	140000
	d[6,2]	-1.652	0.4591	0.0135	-2.556	-1.654	-0.742	30001	140000
	d[7,1]	0.1314	0.3596	0.01056	-0.5606	0.128	0.843	30001	140000
	d[7,2]	-2.341	1.066	0.03051	-4.447	-2.335	-0.3042	30001	140000
	d[8,1]	-0.6433	0.2631	0.009915	-1.156	-0.6433	-0.1278	30001	140000
	d[8,2]	0.5474	0.7325	0.02769	-0.8672	0.5426	1.946	30001	140000
	d[9,1]	-1.177	0.2221	0.007309	-1.623	-1.175	-0.7486	30001	140000
	d[9,2]	1.058	0.5876	0.01922	-0.1007	1.053	2.223	30001	140000
	d[10,1]	-1.679	0.2857	0.009683	-2.25	-1.676	-1.127	30001	140000
	d[10,2]	2.031	0.7675	0.02634	0.5669	2.018	3.548	30001	140000
	d[11,1]	-0.7935	0.3104	0.01123	-1.396	-0.7923	-0.181	30001	140000
	d[11,2]	0.04282	0.8586	0.03107	-1.611	0.02824	1.757	30001	140000
	d[12,1]	-1.108	0.6013	0.01853	-2.312	-1.102	0.04557	30001	140000
	d[12,2]	0.6483	1.42	0.04506	-2.081	0.6205	3.438	30001	140000
	d[13,1]	-0.01584	0.7007	0.02056	-1.357	-0.02786	1.387	30001	140000
	d[13,2]	-0.6376	2.068	0.06019	-4.788	-0.5919	3.304	30001	140000

	 node	 mean	 sd	 2.5%	 median	 97.5%	sample
	S[1,1]	0.73	0.3252	0.002713	0.9053	0.9507	210000
	S[1,2]	0.6855	0.3071	0.002685	0.8461	0.9101	210000
	S[1,3]	0.6516	0.2911	0.002685	0.7989	0.8746	210000
	S[1,4]	0.6226	0.2769	0.002684	0.7586	0.8423	210000
	S[1,5]	0.5968	0.2643	0.002683	0.7229	0.8121	210000
	S[1,6]	0.5734	0.253	0.002683	0.6904	0.7847	210000
	S[1,7]	0.5517	0.2426	0.002683	0.6603	0.7592	210000
	S[1,8]	0.5316	0.2332	0.002683	0.6322	0.7346	210000
	S[1,9]	0.5128	0.2247	0.002683	0.6058	0.7123	210000
	S[1,10]	0.4951	0.2169	0.002682	0.5809	0.6916	210000
	S[1,11]	0.4784	0.2098	0.002683	0.5577	0.671	210000
	S[1,12]	0.4626	0.2033	0.002683	0.5355	0.6546	210000
	S[1,13]	0.4476	0.1974	0.002683	0.5145	0.6336	210000
	S[1,14]	0.4333	0.1921	0.002683	0.4945	0.6152	210000
	S[1,15]	0.4197	0.1872	0.001965	0.4756	0.5987	210000
	S[1,16]	0.4068	0.1829	0.002683	0.4574	0.5826	210000
	S[1,17]	0.3945	0.179	0.002682	0.44	0.5659	210000
	S[1,18]	0.3827	0.1755	0.002683	0.4233	0.5506	210000
	S[1,19]	0.3714	0.1724	0.002683	0.4075	0.5368	210000
	S[1,20]	0.3606	0.1696	0.002683	0.3923	0.5233	210000
	S[1,21]	0.3503	0.1672	0.002683	0.378	0.5077	210000
	S[1,22]	0.3404	0.1651	0.002683	0.3643	0.4947	210000
	S[1,23]	0.3309	0.1632	0.002683	0.3512	0.4844	210000
	S[1,24]	0.3218	0.1616	0.002683	0.3386	0.4726	210000
	S[1,25]	0.3131	0.1603	0.002682	0.3264	0.4629	210000
	S[1,26]	0.3047	0.1592	0.002683	0.3146	0.4504	210000
	S[1,27]	0.2967	0.1582	0.002683	0.3033	0.4392	210000
	S[1,28]	0.2889	0.1575	0.002682	0.2928	0.4322	210000
	S[1,29]	0.2815	0.1569	0.002683	0.2825	0.4193	210000
	S[1,30]	0.2744	0.1565	0.002683	0.2726	0.4078	210000
	S[1,31]	0.2675	0.1561	0.002682	0.263	0.4026	210000
	S[1,32]	0.2609	0.1559	0.002682	0.2538	0.39	210000
	S[1,33]	0.2545	0.1558	0.002682	0.2451	0.3835	210000
	S[1,34]	0.2484	0.1558	0.002682	0.2367	0.3792	210000
	S[1,35]	0.2425	0.1559	0.00265	0.2286	0.3691	210000
	S[1,36]	0.2368	0.156	0.002941	0.2207	0.3659	210000
	S[1,37]	0.2314	0.1562	0.002136	0.2132	0.3585	210000
	S[1,38]	0.2261	0.1565	0.002415	0.2061	0.3544	210000
	S[1,39]	0.221	0.1568	0.003154	0.1992	0.3476	210000
	S[1,40]	0.2161	0.1571	0.002646	0.1925	0.3429	210000
	S[1,41]	0.2114	0.1575	0.002165	0.1859	0.3386	210000
	S[1,42]	0.2069	0.1579	0.003237	0.1797	0.3317	210000
	S[1,43]	0.2025	0.1583	0.00269	0.1737	0.3269	210000
	S[1,44]	0.1983	0.1588	0.002014	0.168	0.3207	210000
	S[1,45]	0.1942	0.1592	0.002737	0.1624	0.3147	210000
	S[1,46]	0.1903	0.1597	0.002906	0.157	0.3074	210000
	S[1,47]	0.1865	0.1601	0.002708	0.1517	0.3053	210000
	S[1,48]	0.1828	0.1606	0.002637	0.1466	0.3052	210000
	S[1,49]	0.1793	0.1611	0.00265	0.1418	0.3047	210000
	S[1,50]	0.1759	0.1616	0.002971	0.1372	0.3005	210000
	S[1,51]	0.1726	0.1621	0.00258	0.1326	0.2985	210000
	S[1,52]	0.1694	0.1625	0.002416	0.1283	0.294	210000
	S[1,53]	0.1663	0.163	0.002472	0.1241	0.2856	210000
	S[1,54]	0.1634	0.1635	0.002519	0.12	0.2785	210000
	S[1,55]	0.1605	0.1639	0.002432	0.1161	0.2773	210000
	S[1,56]	0.1577	0.1644	0.002522	0.1122	0.2757	210000
	S[1,57]	0.1551	0.1648	0.002661	0.1085	0.2734	210000
	S[1,58]	0.1525	0.1652	0.002713	0.1049	0.2682	210000
	S[1,59]	0.15	0.1657	0.002597	0.1015	0.2634	210000
	S[1,60]	0.1476	0.1661	0.002726	0.09824	0.2588	210000
	S[1,61]	0.1452	0.1665	0.002762	0.09504	0.2564	210000
	S[1,62]	0.143	0.1669	0.002565	0.09193	0.2548	210000
	S[1,63]	0.1408	0.1672	0.002521	0.08894	0.2523	210000
	S[1,64]	0.1387	0.1676	0.002947	0.08603	0.2534	210000
	S[1,65]	0.1366	0.168	0.002991	0.08323	0.2508	210000
	S[1,66]	0.1347	0.1683	0.002413	0.08054	0.2417	210000
	S[1,67]	0.1328	0.1686	0.002349	0.07789	0.2351	210000
	S[1,68]	0.1309	0.169	0.002778	0.07538	0.236	210000
	S[1,69]	0.1291	0.1693	0.002802	0.07295	0.2347	210000
	S[1,70]	0.1274	0.1696	0.0023	0.0706	0.2319	210000
	S[1,71]	0.1257	0.1699	0.002862	0.06834	0.2295	210000
	S[1,72]	0.1241	0.1701	0.002708	0.06614	0.228	210000
	S[1,73]	0.1226	0.1704	0.002864	0.06403	0.2259	210000
	S[1,74]	0.121	0.1706	0.002492	0.06197	0.2238	210000
	S[1,75]	0.1196	0.1709	0.002676	0.06001	0.2208	210000
	S[1,76]	0.1181	0.1711	0.002682	0.05811	0.2172	210000
	S[1,77]	0.1168	0.1713	0.003038	0.05625	0.2172	210000
	S[1,78]	0.1154	0.1715	0.002947	0.0545	0.2114	210000
	S[1,79]	0.1141	0.1717	0.002545	0.05276	0.21	210000
	S[1,80]	0.1129	0.1719	0.002457	0.05109	0.2042	210000
	S[1,81]	0.1117	0.1721	0.002385	0.04948	0.2011	210000
	S[1,82]	0.1105	0.1723	0.002618	0.04789	0.1981	210000
	S[1,83]	0.1094	0.1725	0.002618	0.04639	0.1941	210000
	S[1,84]	0.1083	0.1726	0.00236	0.04494	0.1897	210000
	S[1,85]	0.1072	0.1728	0.002857	0.04351	0.1883	210000
	S[1,86]	0.1061	0.1729	0.002779	0.04214	0.1855	210000
	S[1,87]	0.1051	0.173	0.002791	0.04079	0.1822	210000
	S[1,88]	0.1042	0.1731	0.002691	0.03951	0.1791	210000
	S[1,89]	0.1032	0.1733	0.002735	0.03827	0.1725	210000
	S[1,90]	0.1023	0.1734	0.002475	0.03707	0.1682	210000
	S[1,91]	0.1014	0.1735	0.002744	0.0359	0.1661	210000
	S[1,92]	0.1006	0.1736	0.002983	0.03477	0.1634	210000
	S[1,93]	0.09972	0.1736	0.002397	0.03368	0.1577	210000
	S[1,94]	0.0989	0.1737	0.00242	0.03263	0.161	210000
	S[1,95]	0.09811	0.1738	0.00267	0.03159	0.1577	210000
	S[1,96]	0.09735	0.1739	0.002554	0.03061	0.1574	210000
	S[1,97]	0.09661	0.1739	0.002762	0.02966	0.1557	210000
	S[1,98]	0.09588	0.174	0.002516	0.02873	0.1528	210000
	S[1,99]	0.09518	0.174	0.002716	0.02784	0.1499	210000
	S[1,100]	0.0945	0.1741	0.002412	0.02698	0.1473	210000
	S[1,101]	0.09384	0.1741	0.002507	0.02613	0.147	210000
	S[1,102]	0.0932	0.1741	0.002817	0.02533	0.144	210000
	S[1,103]	0.09258	0.1742	0.00251	0.02455	0.1467	210000
	S[1,104]	0.09197	0.1742	0.002853	0.02379	0.1424	210000
	S[1,105]	0.09138	0.1742	0.0025	0.02306	0.1395	210000
	S[1,106]	0.09081	0.1742	0.002829	0.02235	0.1384	210000
	S[1,107]	0.09025	0.1742	0.002684	0.02167	0.1355	210000
	S[1,108]	0.08971	0.1742	0.002512	0.021	0.132	210000
	S[1,109]	0.08919	0.1742	0.002759	0.02037	0.133	210000
	S[1,110]	0.08867	0.1742	0.002762	0.01975	0.1314	210000
	S[1,111]	0.08818	0.1742	0.002422	0.01914	0.1302	210000
	S[1,112]	0.08769	0.1742	0.002884	0.01856	0.1281	210000
	S[1,113]	0.08722	0.1742	0.00296	0.01799	0.127	210000
	S[1,114]	0.08676	0.1742	0.002439	0.01744	0.1249	210000
	S[1,115]	0.08632	0.1742	0.002576	0.01691	0.1222	210000
	S[1,116]	0.08588	0.1741	0.002291	0.01639	0.1209	210000
	S[1,117]	0.08546	0.1741	0.002313	0.01589	0.1231	210000
	S[1,118]	0.08505	0.1741	0.00228	0.01541	0.1218	210000
	S[1,119]	0.08465	0.174	0.00244	0.01494	0.1205	210000
	S[1,120]	0.08426	0.174	0.002675	0.01448	0.1188	210000
	S[2,1]	0.7075	0.3296	0.00195	0.8811	0.9562	210000
	S[2,2]	0.6634	0.3117	0.001929	0.82	0.9208	210000
	S[2,3]	0.6317	0.2967	0.001925	0.7754	0.89	210000
	S[2,4]	0.6055	0.2839	0.001925	0.7386	0.862	210000
	S[2,5]	0.5826	0.2725	0.001925	0.7068	0.8368	210000
	S[2,6]	0.5621	0.2623	0.001924	0.6783	0.8123	210000
	S[2,7]	0.5433	0.2531	0.001924	0.6524	0.7892	210000
	S[2,8]	0.5259	0.2446	0.001924	0.6288	0.7678	210000
	S[2,9]	0.5097	0.2369	0.001924	0.6063	0.7494	210000
	S[2,10]	0.4945	0.2297	0.001924	0.585	0.7306	210000
	S[2,11]	0.4801	0.2231	0.001923	0.565	0.7152	210000
	S[2,12]	0.4665	0.217	0.001923	0.546	0.6982	210000
	S[2,13]	0.4535	0.2113	0.001924	0.5282	0.6821	210000
	S[2,14]	0.4412	0.2061	0.001923	0.5111	0.6682	210000
	S[2,15]	0.4295	0.2013	0.001923	0.4951	0.6525	210000
	S[2,16]	0.4182	0.1968	0.001923	0.4793	0.6369	210000
	S[2,17]	0.4075	0.1927	0.001923	0.4642	0.6246	210000
	S[2,18]	0.3971	0.1889	0.001923	0.45	0.6137	210000
	S[2,19]	0.3872	0.1854	0.001923	0.436	0.6006	210000
	S[2,20]	0.3777	0.1821	0.001923	0.4226	0.5898	210000
	S[2,21]	0.3686	0.1792	0.001923	0.4096	0.5787	210000
	S[2,22]	0.3598	0.1765	0.001923	0.3969	0.5694	210000
	S[2,23]	0.3513	0.174	0.001923	0.3852	0.558	210000
	S[2,24]	0.3431	0.1717	0.001923	0.3738	0.5468	210000
	S[2,25]	0.3353	0.1697	0.001923	0.3629	0.5363	210000
	S[2,26]	0.3277	0.1678	0.001923	0.3526	0.5287	210000
	S[2,27]	0.3203	0.1661	0.001923	0.3424	0.5204	210000
	S[2,28]	0.3132	0.1646	0.001923	0.3327	0.5103	210000
	S[2,29]	0.3064	0.1632	0.001923	0.323	0.5024	210000
	S[2,30]	0.2998	0.162	0.001923	0.3137	0.4932	210000
	S[2,31]	0.2934	0.1609	0.001923	0.3048	0.4854	210000
	S[2,32]	0.2872	0.1599	0.001922	0.2961	0.4802	210000
	S[2,33]	0.2812	0.159	0.001923	0.2879	0.472	210000
	S[2,34]	0.2754	0.1583	0.001923	0.28	0.4644	210000
	S[2,35]	0.2698	0.1576	0.001923	0.2722	0.4577	210000
	S[2,36]	0.2643	0.1571	0.001923	0.2647	0.4513	210000
	S[2,37]	0.2591	0.1566	0.001922	0.2576	0.4443	210000
	S[2,38]	0.2539	0.1562	0.001923	0.2505	0.437	210000
	S[2,39]	0.249	0.1559	0.001923	0.2437	0.429	210000
	S[2,40]	0.2442	0.1556	0.001923	0.2371	0.4217	210000
	S[2,41]	0.2395	0.1554	0.001923	0.2307	0.4181	210000
	S[2,42]	0.235	0.1552	0.001922	0.2245	0.4117	210000
	S[2,43]	0.2307	0.1551	0.001922	0.2186	0.41	210000
	S[2,44]	0.2264	0.1551	0.001923	0.2129	0.4066	210000
	S[2,45]	0.2223	0.1551	0.001923	0.2073	0.405	210000
	S[2,46]	0.2183	0.1551	0.001923	0.2019	0.402	210000
	S[2,47]	0.2144	0.1551	0.001923	0.1966	0.3957	210000
	S[2,48]	0.2106	0.1552	0.001923	0.1915	0.3886	210000
	S[2,49]	0.207	0.1553	0.001289	0.1865	0.3863	210000
	S[2,50]	0.2034	0.1554	0.001221	0.1816	0.3817	210000
	S[2,51]	0.2	0.1556	0.001203	0.177	0.3722	210000
	S[2,52]	0.1966	0.1557	0.001395	0.1724	0.3672	210000
	S[2,53]	0.1934	0.1559	0.001201	0.168	0.3639	210000
	S[2,54]	0.1902	0.1561	0.001201	0.1637	0.3607	210000
	S[2,55]	0.1871	0.1563	0.001259	0.1594	0.3556	210000
	S[2,56]	0.1841	0.1565	0.001329	0.1553	0.3498	210000
	S[2,57]	0.1812	0.1568	0.001351	0.1513	0.3459	210000
	S[2,58]	0.1784	0.157	0.001202	0.1475	0.3409	210000
	S[2,59]	0.1757	0.1572	0.001195	0.1438	0.3372	210000
	S[2,60]	0.173	0.1575	0.00116	0.1401	0.3361	210000
	S[2,61]	0.1704	0.1577	0.001291	0.1366	0.3352	210000
	S[2,62]	0.1679	0.158	0.001194	0.1332	0.3285	210000
	S[2,63]	0.1654	0.1583	0.001174	0.1299	0.3254	210000
	S[2,64]	0.163	0.1585	0.001089	0.1266	0.3205	210000
	S[2,65]	0.1607	0.1588	0.001348	0.1235	0.3151	210000
	S[2,66]	0.1584	0.159	0.001143	0.1205	0.3138	210000
	S[2,67]	0.1562	0.1593	0.001427	0.1175	0.3109	210000
	S[2,68]	0.1541	0.1595	0.001425	0.1145	0.308	210000
	S[2,69]	0.152	0.1598	0.001261	0.1117	0.3073	210000
	S[2,70]	0.1499	0.16	0.001204	0.109	0.3044	210000
	S[2,71]	0.1479	0.1603	0.001341	0.1063	0.3048	210000
	S[2,72]	0.146	0.1605	0.00124	0.1038	0.3035	210000
	S[2,73]	0.1441	0.1608	0.001312	0.1012	0.3022	210000
	S[2,74]	0.1423	0.161	0.001294	0.09868	0.2953	210000
	S[2,75]	0.1405	0.1612	0.001187	0.09631	0.2878	210000
	S[2,76]	0.1388	0.1615	0.001206	0.09392	0.2878	210000
	S[2,77]	0.1371	0.1617	0.001396	0.09163	0.2826	210000
	S[2,78]	0.1355	0.1619	0.001406	0.08939	0.2799	210000
	S[2,79]	0.1339	0.1621	0.001089	0.08719	0.2801	210000
	S[2,80]	0.1323	0.1623	0.001529	0.08501	0.2719	210000
	S[2,81]	0.1308	0.1625	0.00155	0.08294	0.2694	210000
	S[2,82]	0.1293	0.1627	0.001323	0.08091	0.2685	210000
	S[2,83]	0.1278	0.1629	0.001218	0.07895	0.2663	210000
	S[2,84]	0.1264	0.1631	0.001384	0.07705	0.2656	210000
	S[2,85]	0.125	0.1633	0.001153	0.0752	0.2645	210000
	S[2,86]	0.1237	0.1635	0.001261	0.07336	0.2605	210000
	S[2,87]	0.1224	0.1637	0.001126	0.07158	0.2586	210000
	S[2,88]	0.1211	0.1638	0.001421	0.06987	0.2565	210000
	S[2,89]	0.1199	0.164	0.001103	0.0682	0.256	210000
	S[2,90]	0.1187	0.1642	0.00109	0.06656	0.2543	210000
	S[2,91]	0.1175	0.1643	0.001204	0.06499	0.2585	210000
	S[2,92]	0.1163	0.1645	0.001425	0.06342	0.2597	210000
	S[2,93]	0.1152	0.1646	0.001361	0.06188	0.2544	210000
	S[2,94]	0.1141	0.1648	0.001309	0.06041	0.2501	210000
	S[2,95]	0.113	0.1649	0.001079	0.05894	0.2433	210000
	S[2,96]	0.112	0.165	0.001082	0.05753	0.2399	210000
	S[2,97]	0.111	0.1652	0.001216	0.05617	0.238	210000
	S[2,98]	0.11	0.1653	0.001378	0.05487	0.2356	210000
	S[2,99]	0.109	0.1654	0.001358	0.05357	0.2333	210000
	S[2,100]	0.1081	0.1655	0.001258	0.05231	0.2303	210000
	S[2,101]	0.1071	0.1656	0.001133	0.05107	0.2433	210000
	S[2,102]	0.1062	0.1657	0.001376	0.04988	0.2406	210000
	S[2,103]	0.1053	0.1658	0.001205	0.04868	0.2407	210000
	S[2,104]	0.1045	0.1659	0.001136	0.04749	0.2405	210000
	S[2,105]	0.1036	0.166	0.001428	0.04637	0.2393	210000
	S[2,106]	0.1028	0.1661	0.001229	0.04527	0.2368	210000
	S[2,107]	0.102	0.1662	0.001137	0.0442	0.237	210000
	S[2,108]	0.1012	0.1663	0.001395	0.04315	0.2356	210000
	S[2,109]	0.1005	0.1663	0.001212	0.04212	0.233	210000
	S[2,110]	0.09972	0.1664	0.001163	0.04113	0.23	210000
	S[2,111]	0.09899	0.1665	0.001157	0.04017	0.2302	210000
	S[2,112]	0.09827	0.1666	0.001165	0.03925	0.2283	210000
	S[2,113]	0.09757	0.1666	0.001295	0.03831	0.2268	210000
	S[2,114]	0.09689	0.1667	0.001473	0.03742	0.2211	210000
	S[2,115]	0.09623	0.1667	0.001508	0.03657	0.2189	210000
	S[2,116]	0.09558	0.1668	0.001291	0.03573	0.2158	210000
	S[2,117]	0.09494	0.1668	0.001359	0.03488	0.2159	210000
	S[2,118]	0.09432	0.1669	0.001381	0.03408	0.2162	210000
	S[2,119]	0.09371	0.1669	0.001399	0.03329	0.2154	210000
	S[2,120]	0.09312	0.167	0.001366	0.03251	0.2141	210000
	S[3,1]	0.736	0.3236	0.002549	0.9037	0.9647	210000
	S[3,2]	0.6991	0.3093	0.002537	0.8535	0.9356	210000
	S[3,3]	0.6726	0.2971	0.002533	0.8163	0.9105	210000
	S[3,4]	0.6505	0.2866	0.002531	0.7856	0.8878	210000
	S[3,5]	0.6311	0.2772	0.00253	0.7588	0.8668	210000
	S[3,6]	0.6135	0.2688	0.002531	0.7346	0.8478	210000
	S[3,7]	0.5973	0.261	0.00253	0.7123	0.8296	210000
	S[3,8]	0.5822	0.2538	0.002531	0.6913	0.8131	210000
	S[3,9]	0.5681	0.2472	0.002531	0.6718	0.7972	210000
	S[3,10]	0.5547	0.241	0.002531	0.6532	0.7814	210000
	S[3,11]	0.5419	0.2353	0.002531	0.6354	0.7664	210000
	S[3,12]	0.5298	0.2299	0.00253	0.6185	0.7536	210000
	S[3,13]	0.5182	0.2249	0.002531	0.6027	0.7406	210000
	S[3,14]	0.5071	0.2202	0.002531	0.5873	0.7274	210000
	S[3,15]	0.4964	0.2157	0.002531	0.5724	0.7158	210000
	S[3,16]	0.4861	0.2116	0.002531	0.558	0.7043	210000
	S[3,17]	0.4762	0.2078	0.002531	0.5444	0.6945	210000
	S[3,18]	0.4666	0.2042	0.002531	0.5308	0.6855	210000
	S[3,19]	0.4574	0.2008	0.002531	0.5178	0.6742	210000
	S[3,20]	0.4485	0.1976	0.002531	0.5052	0.6645	210000
	S[3,21]	0.4398	0.1947	0.002531	0.4928	0.6532	210000
	S[3,22]	0.4315	0.192	0.002187	0.481	0.6457	210000
	S[3,23]	0.4234	0.1894	0.00135	0.4696	0.6388	210000
	S[3,24]	0.4155	0.1871	0.002531	0.4585	0.6309	210000
	S[3,25]	0.4079	0.1849	0.002531	0.4482	0.6203	210000
	S[3,26]	0.4005	0.1829	0.00253	0.4377	0.6124	210000
	S[3,27]	0.3933	0.181	0.002531	0.4279	0.6051	210000
	S[3,28]	0.3863	0.1793	0.002531	0.418	0.5973	210000
	S[3,29]	0.3795	0.1777	0.002531	0.4087	0.5908	210000
	S[3,30]	0.3729	0.1762	0.002531	0.3995	0.5857	210000
	S[3,31]	0.3665	0.1749	0.002531	0.3907	0.584	210000
	S[3,32]	0.3602	0.1737	0.002531	0.3821	0.5755	210000
	S[3,33]	0.3541	0.1726	0.002531	0.3737	0.5662	210000
	S[3,34]	0.3482	0.1716	0.002531	0.3655	0.5623	210000
	S[3,35]	0.3424	0.1707	0.002531	0.3574	0.5533	210000
	S[3,36]	0.3368	0.1699	0.002531	0.3498	0.5444	210000
	S[3,37]	0.3314	0.1691	0.00253	0.3422	0.5373	210000
	S[3,38]	0.326	0.1685	0.002531	0.3348	0.5303	210000
	S[3,39]	0.3208	0.1679	0.002531	0.3276	0.5225	210000
	S[3,40]	0.3157	0.1674	0.002531	0.3207	0.5199	210000
	S[3,41]	0.3108	0.167	0.002531	0.3139	0.5172	210000
	S[3,42]	0.306	0.1666	0.002531	0.3072	0.5099	210000
	S[3,43]	0.3013	0.1663	0.002531	0.3007	0.5002	210000
	S[3,44]	0.2967	0.1661	0.002531	0.2945	0.4975	210000
	S[3,45]	0.2922	0.1659	0.002531	0.2884	0.4964	210000
	S[3,46]	0.2878	0.1657	0.002531	0.2824	0.4869	210000
	S[3,47]	0.2836	0.1656	0.002531	0.2765	0.481	210000
	S[3,48]	0.2794	0.1655	0.002531	0.2709	0.4743	210000
	S[3,49]	0.2753	0.1655	0.002531	0.2652	0.4715	210000
	S[3,50]	0.2714	0.1655	0.002531	0.2597	0.4693	210000
	S[3,51]	0.2675	0.1655	0.002531	0.2543	0.4624	210000
	S[3,52]	0.2637	0.1656	0.002531	0.2491	0.4583	210000
	S[3,53]	0.26	0.1657	0.002531	0.244	0.4552	210000
	S[3,54]	0.2564	0.1658	0.002531	0.239	0.4515	210000
	S[3,55]	0.2529	0.1659	0.002531	0.2342	0.4448	210000
	S[3,56]	0.2494	0.1661	0.002531	0.2294	0.4431	210000
	S[3,57]	0.246	0.1662	0.002531	0.2248	0.4403	210000
	S[3,58]	0.2427	0.1664	0.002531	0.2204	0.4359	210000
	S[3,59]	0.2395	0.1666	0.00253	0.2159	0.4328	210000
	S[3,60]	0.2364	0.1668	0.00253	0.2117	0.4281	210000
	S[3,61]	0.2333	0.1671	0.002012	0.2075	0.4237	210000
	S[3,62]	0.2303	0.1673	0.002514	0.2035	0.4232	210000
	S[3,63]	0.2273	0.1676	0.002668	0.1995	0.4214	210000
	S[3,64]	0.2245	0.1678	0.001776	0.1954	0.4213	210000
	S[3,65]	0.2216	0.1681	0.001866	0.1915	0.4217	210000
	S[3,66]	0.2189	0.1684	0.001862	0.1877	0.4164	210000
	S[3,67]	0.2162	0.1687	0.002663	0.184	0.413	210000
	S[3,68]	0.2136	0.169	0.001839	0.1804	0.4074	210000
	S[3,69]	0.211	0.1692	0.001958	0.177	0.4048	210000
	S[3,70]	0.2085	0.1695	0.001802	0.1735	0.4036	210000
	S[3,71]	0.206	0.1698	0.00185	0.1701	0.4013	210000
	S[3,72]	0.2036	0.1701	0.002371	0.1669	0.3985	210000
	S[3,73]	0.2012	0.1704	0.002217	0.1637	0.3973	210000
	S[3,74]	0.1989	0.1707	0.001968	0.1606	0.3945	210000
	S[3,75]	0.1966	0.171	0.001855	0.1575	0.3884	210000
	S[3,76]	0.1944	0.1713	0.002123	0.1545	0.3842	210000
	S[3,77]	0.1923	0.1716	0.001971	0.1514	0.3817	210000
	S[3,78]	0.1901	0.1719	0.002342	0.1485	0.379	210000
	S[3,79]	0.1881	0.1722	0.002103	0.1457	0.3736	210000
	S[3,80]	0.186	0.1725	0.001855	0.1428	0.3738	210000
	S[3,81]	0.184	0.1728	0.002466	0.1401	0.3729	210000
	S[3,82]	0.1821	0.1731	0.002689	0.1374	0.3743	210000
	S[3,83]	0.1802	0.1734	0.001933	0.1348	0.3713	210000
	S[3,84]	0.1783	0.1737	0.001971	0.1323	0.3668	210000
	S[3,85]	0.1765	0.174	0.002372	0.1297	0.3643	210000
	S[3,86]	0.1747	0.1743	0.002209	0.1273	0.3626	210000
	S[3,87]	0.1729	0.1746	0.00205	0.1249	0.3593	210000
	S[3,88]	0.1712	0.1748	0.002372	0.1225	0.3539	210000
	S[3,89]	0.1695	0.1751	0.00279	0.1202	0.3507	210000
	S[3,90]	0.1678	0.1754	0.001901	0.1179	0.3504	210000
	S[3,91]	0.1662	0.1757	0.002346	0.1156	0.3461	210000
	S[3,92]	0.1646	0.1759	0.001962	0.1134	0.3434	210000
	S[3,93]	0.1631	0.1762	0.002449	0.1112	0.3341	210000
	S[3,94]	0.1616	0.1764	0.00253	0.1091	0.3345	210000
	S[3,95]	0.1601	0.1767	0.002329	0.107	0.333	210000
	S[3,96]	0.1586	0.1769	0.002475	0.105	0.3326	210000
	S[3,97]	0.1572	0.1772	0.00238	0.1031	0.3337	210000
	S[3,98]	0.1558	0.1774	0.002282	0.101	0.3309	210000
	S[3,99]	0.1544	0.1776	0.00276	0.09909	0.3311	210000
	S[3,100]	0.153	0.1779	0.002034	0.09722	0.328	210000
	S[3,101]	0.1517	0.1781	0.002212	0.09547	0.323	210000
	S[3,102]	0.1504	0.1783	0.002012	0.09365	0.3171	210000
	S[3,103]	0.1491	0.1785	0.002731	0.09184	0.3166	210000
	S[3,104]	0.1479	0.1787	0.001986	0.09015	0.3169	210000
	S[3,105]	0.1467	0.179	0.002354	0.08846	0.3198	210000
	S[3,106]	0.1455	0.1792	0.002036	0.08681	0.32	210000
	S[3,107]	0.1443	0.1794	0.002532	0.08515	0.3172	210000
	S[3,108]	0.1431	0.1796	0.002342	0.08354	0.3143	210000
	S[3,109]	0.142	0.1797	0.002091	0.08196	0.3111	210000
	S[3,110]	0.1409	0.1799	0.001968	0.08042	0.3125	210000
	S[3,111]	0.1398	0.1801	0.002287	0.07895	0.3141	210000
	S[3,112]	0.1387	0.1803	0.002509	0.07747	0.3146	210000
	S[3,113]	0.1377	0.1805	0.002247	0.07599	0.3126	210000
	S[3,114]	0.1367	0.1806	0.001984	0.07458	0.3113	210000
	S[3,115]	0.1356	0.1808	0.002234	0.07323	0.3071	210000
	S[3,116]	0.1347	0.181	0.002471	0.07186	0.304	210000
	S[3,117]	0.1337	0.1811	0.002734	0.07051	0.2988	210000
	S[3,118]	0.1327	0.1813	0.001981	0.0692	0.2942	210000
	S[3,119]	0.1318	0.1814	0.001879	0.06792	0.2942	210000
	S[3,120]	0.1309	0.1816	0.002418	0.06662	0.2923	210000
	S[4,1]	0.762	0.3168	0.004302	0.9205	0.9819	210000
	S[4,2]	0.727	0.3048	0.003328	0.8725	0.9615	210000
	S[4,3]	0.7001	0.2937	0.003325	0.8349	0.9408	210000
	S[4,4]	0.6769	0.2835	0.003325	0.8024	0.9205	210000
	S[4,5]	0.6559	0.2742	0.003324	0.7737	0.9003	210000
	S[4,6]	0.6365	0.2656	0.003324	0.7469	0.8809	210000
	S[4,7]	0.6183	0.2577	0.003325	0.7221	0.8624	210000
	S[4,8]	0.6012	0.2503	0.003325	0.699	0.844	210000
	S[4,9]	0.585	0.2434	0.003325	0.6767	0.8274	210000
	S[4,10]	0.5695	0.237	0.003324	0.656	0.8122	210000
	S[4,11]	0.5548	0.231	0.003324	0.6354	0.7983	210000
	S[4,12]	0.5407	0.2255	0.003324	0.6157	0.7833	210000
	S[4,13]	0.5271	0.2204	0.003324	0.5973	0.7693	210000
	S[4,14]	0.5141	0.2157	0.003324	0.5792	0.7559	210000
	S[4,15]	0.5016	0.2113	0.003324	0.5616	0.7447	210000
	S[4,16]	0.4896	0.2073	0.003324	0.5452	0.7335	210000
	S[4,17]	0.478	0.2037	0.003324	0.5293	0.7229	210000
	S[4,18]	0.4668	0.2003	0.003324	0.5133	0.7161	210000
	S[4,19]	0.456	0.1973	0.003324	0.4985	0.7041	210000
	S[4,20]	0.4456	0.1946	0.003324	0.4839	0.6959	210000
	S[4,21]	0.4356	0.1921	0.003324	0.4701	0.6864	210000
	S[4,22]	0.4258	0.1899	0.003324	0.4569	0.6781	210000
	S[4,23]	0.4165	0.1879	0.003324	0.444	0.6637	210000
	S[4,24]	0.4074	0.1861	0.003324	0.4316	0.6539	210000
	S[4,25]	0.3986	0.1845	0.003324	0.4192	0.6477	210000
	S[4,26]	0.3901	0.1832	0.003324	0.4072	0.6384	210000
	S[4,27]	0.3819	0.182	0.003324	0.3957	0.6343	210000
	S[4,28]	0.3739	0.181	0.003324	0.3846	0.6264	210000
	S[4,29]	0.3662	0.1801	0.003324	0.3737	0.6189	210000
	S[4,30]	0.3587	0.1794	0.003324	0.3635	0.6072	210000
	S[4,31]	0.3515	0.1788	0.003324	0.3535	0.6037	210000
	S[4,32]	0.3445	0.1784	0.003324	0.3438	0.5989	210000
	S[4,33]	0.3377	0.178	0.003323	0.3345	0.5995	210000
	S[4,34]	0.3311	0.1778	0.003324	0.3252	0.594	210000
	S[4,35]	0.3247	0.1776	0.003324	0.3163	0.5862	210000
	S[4,36]	0.3185	0.1775	0.003324	0.3079	0.5823	210000
	S[4,37]	0.3125	0.1775	0.003324	0.2998	0.5697	210000
	S[4,38]	0.3067	0.1776	0.003324	0.2917	0.5711	210000
	S[4,39]	0.301	0.1777	0.003324	0.2844	0.5649	210000
	S[4,40]	0.2955	0.1779	0.003324	0.2772	0.5661	210000
	S[4,41]	0.2902	0.1781	0.003324	0.2698	0.5472	210000
	S[4,42]	0.285	0.1784	0.003324	0.2628	0.5398	210000
	S[4,43]	0.28	0.1787	0.003323	0.2559	0.5475	210000
	S[4,44]	0.2751	0.179	0.003324	0.2492	0.5438	210000
	S[4,45]	0.2704	0.1794	0.003324	0.2426	0.5465	210000
	S[4,46]	0.2658	0.1798	0.00308	0.2363	0.5351	210000
	S[4,47]	0.2613	0.1802	0.004747	0.2301	0.529	210000
	S[4,48]	0.257	0.1806	0.003873	0.2243	0.5366	210000
	S[4,49]	0.2528	0.1811	0.003347	0.2186	0.5283	210000
	S[4,50]	0.2487	0.1816	0.004072	0.2128	0.5155	210000
	S[4,51]	0.2447	0.182	0.003223	0.2076	0.5113	210000
	S[4,52]	0.2409	0.1825	0.003336	0.2024	0.5089	210000
	S[4,53]	0.2371	0.183	0.004025	0.1973	0.505	210000
	S[4,54]	0.2335	0.1835	0.002564	0.1927	0.5043	210000
	S[4,55]	0.2299	0.184	0.00308	0.1878	0.5054	210000
	S[4,56]	0.2265	0.1844	0.002547	0.1829	0.4912	210000
	S[4,57]	0.2231	0.1849	0.00407	0.1782	0.489	210000
	S[4,58]	0.2198	0.1854	0.004196	0.1736	0.4889	210000
	S[4,59]	0.2167	0.1859	0.003994	0.1692	0.4766	210000
	S[4,60]	0.2136	0.1864	0.003328	0.165	0.4761	210000
	S[4,61]	0.2106	0.1869	0.003042	0.1608	0.475	210000
	S[4,62]	0.2077	0.1873	0.004422	0.1569	0.464	210000
	S[4,63]	0.2048	0.1878	0.002787	0.1529	0.468	210000
	S[4,64]	0.2021	0.1883	0.003901	0.1492	0.4509	210000
	S[4,65]	0.1994	0.1887	0.00376	0.1456	0.4487	210000
	S[4,66]	0.1968	0.1892	0.003955	0.142	0.4531	210000
	S[4,67]	0.1942	0.1896	0.002572	0.1384	0.4515	210000
	S[4,68]	0.1917	0.19	0.003834	0.135	0.4529	210000
	S[4,69]	0.1893	0.1904	0.004131	0.1317	0.45	210000
	S[4,70]	0.187	0.1909	0.003524	0.1285	0.4445	210000
	S[4,71]	0.1847	0.1913	0.002915	0.1253	0.4398	210000
	S[4,72]	0.1825	0.1916	0.003534	0.1223	0.4382	210000
	S[4,73]	0.1803	0.192	0.003452	0.1194	0.4369	210000
	S[4,74]	0.1782	0.1924	0.003018	0.1165	0.4399	210000
	S[4,75]	0.1761	0.1928	0.003113	0.1137	0.4356	210000
	S[4,76]	0.1741	0.1931	0.003163	0.1109	0.4285	210000
	S[4,77]	0.1722	0.1935	0.003219	0.1083	0.4224	210000
	S[4,78]	0.1703	0.1938	0.003191	0.1057	0.4207	210000
	S[4,79]	0.1684	0.1941	0.004058	0.1032	0.4208	210000
	S[4,80]	0.1666	0.1945	0.003432	0.1007	0.4206	210000
	S[4,81]	0.1648	0.1948	0.003667	0.09814	0.4114	210000
	S[4,82]	0.1631	0.1951	0.00391	0.09567	0.4039	210000
	S[4,83]	0.1615	0.1954	0.003431	0.09333	0.4023	210000
	S[4,84]	0.1598	0.1956	0.004364	0.09109	0.4129	210000
	S[4,85]	0.1582	0.1959	0.004647	0.08887	0.4105	210000
	S[4,86]	0.1567	0.1962	0.003895	0.0867	0.4103	210000
	S[4,87]	0.1552	0.1964	0.003819	0.08458	0.4032	210000
	S[4,88]	0.1537	0.1967	0.003618	0.08252	0.4027	210000
	S[4,89]	0.1523	0.1969	0.003133	0.0805	0.4007	210000
	S[4,90]	0.1509	0.1972	0.002831	0.07848	0.3976	210000
	S[4,91]	0.1495	0.1974	0.003796	0.07653	0.3964	210000
	S[4,92]	0.1482	0.1976	0.003406	0.07462	0.4015	210000
	S[4,93]	0.1469	0.1978	0.003388	0.07279	0.4001	210000
	S[4,94]	0.1456	0.198	0.003345	0.07102	0.4	210000
	S[4,95]	0.1444	0.1982	0.002959	0.06936	0.3926	210000
	S[4,96]	0.1432	0.1984	0.002634	0.06768	0.391	210000
	S[4,97]	0.142	0.1986	0.003272	0.06603	0.3871	210000
	S[4,98]	0.1408	0.1988	0.00272	0.06443	0.3786	210000
	S[4,99]	0.1397	0.1989	0.003807	0.06286	0.3787	210000
	S[4,100]	0.1386	0.1991	0.003071	0.06133	0.3766	210000
	S[4,101]	0.1376	0.1992	0.002822	0.05981	0.3767	210000
	S[4,102]	0.1365	0.1994	0.002999	0.05829	0.3734	210000
	S[4,103]	0.1355	0.1995	0.002687	0.05683	0.3672	210000
	S[4,104]	0.1345	0.1997	0.003449	0.05543	0.3645	210000
	S[4,105]	0.1335	0.1998	0.002584	0.05407	0.3646	210000
	S[4,106]	0.1326	0.1999	0.003569	0.05277	0.3616	210000
	S[4,107]	0.1317	0.2	0.003027	0.05146	0.3616	210000
	S[4,108]	0.1307	0.2002	0.002952	0.05025	0.3536	210000
	S[4,109]	0.1299	0.2003	0.00298	0.04903	0.3512	210000
	S[4,110]	0.129	0.2004	0.002956	0.04783	0.3504	210000
	S[4,111]	0.1282	0.2005	0.00293	0.04669	0.3517	210000
	S[4,112]	0.1273	0.2006	0.003255	0.04557	0.3502	210000
	S[4,113]	0.1265	0.2006	0.00319	0.04447	0.3515	210000
	S[4,114]	0.1257	0.2007	0.002487	0.0434	0.3462	210000
	S[4,115]	0.125	0.2008	0.002452	0.04236	0.3433	210000
	S[4,116]	0.1242	0.2009	0.002755	0.04134	0.341	210000
	S[4,117]	0.1235	0.2009	0.003049	0.04033	0.3412	210000
	S[4,118]	0.1228	0.201	0.002953	0.03936	0.3351	210000
	S[4,119]	0.122	0.2011	0.002199	0.03843	0.3333	210000
	S[4,120]	0.1214	0.2011	0.003099	0.0375	0.3309	210000
	S[5,1]	0.8567	0.2696	0.01298	0.9738	0.9944	210000
	S[5,2]	0.8382	0.2644	0.004689	0.9506	0.9848	210000
	S[5,3]	0.8218	0.2586	0.00631	0.9288	0.9734	210000
	S[5,4]	0.8061	0.2528	0.006299	0.9077	0.9613	210000
	S[5,5]	0.7909	0.2471	0.0063	0.8873	0.9494	210000
	S[5,6]	0.7759	0.2416	0.0063	0.8674	0.9379	210000
	S[5,7]	0.7613	0.2364	0.0063	0.8478	0.9259	210000
	S[5,8]	0.7469	0.2314	0.006299	0.8284	0.9157	210000
	S[5,9]	0.7329	0.2267	0.006299	0.8092	0.9053	210000
	S[5,10]	0.7191	0.2223	0.006299	0.7905	0.895	210000
	S[5,11]	0.7056	0.2182	0.006298	0.772	0.8847	210000
	S[5,12]	0.6924	0.2144	0.006299	0.7538	0.8764	210000
	S[5,13]	0.6794	0.2109	0.006299	0.7358	0.8673	210000
	S[5,14]	0.6668	0.2078	0.0063	0.7187	0.8631	210000
	S[5,15]	0.6544	0.2049	0.006299	0.7019	0.8555	210000
	S[5,16]	0.6423	0.2024	0.0063	0.6854	0.8493	210000
	S[5,17]	0.6304	0.2002	0.006299	0.6691	0.8396	210000
	S[5,18]	0.6189	0.1983	0.006299	0.6535	0.8374	210000
	S[5,19]	0.6076	0.1966	0.0063	0.6383	0.8318	210000
	S[5,20]	0.5965	0.1953	0.006298	0.6233	0.8289	210000
	S[5,21]	0.5857	0.1942	0.0063	0.6084	0.8218	210000
	S[5,22]	0.5752	0.1934	0.006299	0.5939	0.8176	210000
	S[5,23]	0.5649	0.1928	0.006299	0.5799	0.8148	210000
	S[5,24]	0.5549	0.1924	0.006299	0.5662	0.8129	210000
	S[5,25]	0.5451	0.1922	0.006304	0.5529	0.8103	210000
	S[5,26]	0.5355	0.1922	0.006301	0.5403	0.809	210000
	S[5,27]	0.5262	0.1924	0.00771	0.5279	0.7979	210000
	S[5,28]	0.5171	0.1928	0.0063	0.5156	0.7932	210000
	S[5,29]	0.5082	0.1933	0.006299	0.5036	0.7901	210000
	S[5,30]	0.4996	0.1939	0.006298	0.4917	0.7896	210000
	S[5,31]	0.4911	0.1947	0.006299	0.4802	0.7926	210000
	S[5,32]	0.4829	0.1956	0.006298	0.4689	0.7878	210000
	S[5,33]	0.4748	0.1965	0.006298	0.458	0.7887	210000
	S[5,34]	0.467	0.1976	0.006299	0.4476	0.7828	210000
	S[5,35]	0.4593	0.1987	0.006299	0.4373	0.7809	210000
	S[5,36]	0.4519	0.1999	0.006324	0.4271	0.7795	210000
	S[5,37]	0.4446	0.2012	0.006298	0.4169	0.7726	210000
	S[5,38]	0.4375	0.2025	0.0063	0.4076	0.7755	210000
	S[5,39]	0.4306	0.2038	0.0063	0.3979	0.7743	210000
	S[5,40]	0.4238	0.2052	0.006299	0.3887	0.7651	210000
	S[5,41]	0.4173	0.2066	0.006299	0.3799	0.7756	210000
	S[5,42]	0.4108	0.208	0.006299	0.3711	0.7576	210000
	S[5,43]	0.4046	0.2094	0.0063	0.3628	0.7631	210000
	S[5,44]	0.3985	0.2109	0.006299	0.3541	0.7632	210000
	S[5,45]	0.3926	0.2123	0.006299	0.3461	0.756	210000
	S[5,46]	0.3868	0.2138	0.006299	0.3382	0.758	210000
	S[5,47]	0.3811	0.2152	0.006298	0.3304	0.7562	210000
	S[5,48]	0.3756	0.2167	0.006299	0.3228	0.7467	210000
	S[5,49]	0.3702	0.2181	0.006299	0.3148	0.753	210000
	S[5,50]	0.365	0.2195	0.0063	0.3076	0.7437	210000
	S[5,51]	0.3599	0.2209	0.006299	0.3008	0.7449	210000
	S[5,52]	0.3549	0.2223	0.006298	0.2936	0.7482	210000
	S[5,53]	0.35	0.2237	0.006299	0.2866	0.7448	210000
	S[5,54]	0.3453	0.2251	0.006298	0.2799	0.741	210000
	S[5,55]	0.3407	0.2264	0.006299	0.2738	0.7371	210000
	S[5,56]	0.3362	0.2278	0.0063	0.2677	0.7535	210000
	S[5,57]	0.3318	0.2291	0.00386	0.2615	0.7511	210000
	S[5,58]	0.3275	0.2304	0.004205	0.2552	0.7493	210000
	S[5,59]	0.3233	0.2316	0.004058	0.2494	0.7317	210000
	S[5,60]	0.3192	0.2329	0.003853	0.2438	0.7285	210000
	S[5,61]	0.3153	0.2341	0.003944	0.2382	0.7376	210000
	S[5,62]	0.3114	0.2353	0.004267	0.2325	0.7411	210000
	S[5,63]	0.3076	0.2365	0.003861	0.2269	0.744	210000
	S[5,64]	0.3039	0.2376	0.003927	0.2215	0.73	210000
	S[5,65]	0.3003	0.2387	0.003868	0.2165	0.7263	210000
	S[5,66]	0.2968	0.2398	0.00377	0.2114	0.7262	210000
	S[5,67]	0.2934	0.2409	0.003841	0.2066	0.7231	210000
	S[5,68]	0.2901	0.2419	0.003809	0.2018	0.7247	210000
	S[5,69]	0.2868	0.243	0.003833	0.197	0.719	210000
	S[5,70]	0.2837	0.244	0.003864	0.1923	0.7226	210000
	S[5,71]	0.2806	0.2449	0.01124	0.1878	0.7233	210000
	S[5,72]	0.2775	0.2459	0.01124	0.1833	0.7269	210000
	S[5,73]	0.2746	0.2468	0.007231	0.1791	0.7347	210000
	S[5,74]	0.2717	0.2477	0.006795	0.1749	0.7426	210000
	S[5,75]	0.2689	0.2486	0.006093	0.171	0.7412	210000
	S[5,76]	0.2662	0.2495	0.009307	0.1672	0.7316	210000
	S[5,77]	0.2635	0.2503	0.008461	0.1633	0.6982	210000
	S[5,78]	0.2609	0.2511	0.004008	0.1594	0.6962	210000
	S[5,79]	0.2583	0.2519	0.004022	0.1555	0.711	210000
	S[5,80]	0.2559	0.2527	0.006818	0.1517	0.716	210000
	S[5,81]	0.2534	0.2535	0.007797	0.1481	0.7063	210000
	S[5,82]	0.2511	0.2542	0.009827	0.1446	0.7156	210000
	S[5,83]	0.2488	0.2549	0.01131	0.1411	0.6853	210000
	S[5,84]	0.2465	0.2556	0.01182	0.1377	0.687	210000
	S[5,85]	0.2443	0.2563	0.008314	0.1345	0.693	210000
	S[5,86]	0.2422	0.257	0.003767	0.1314	0.6914	210000
	S[5,87]	0.2401	0.2576	0.007808	0.1284	0.6999	210000
	S[5,88]	0.238	0.2582	0.003866	0.1253	0.7003	210000
	S[5,89]	0.236	0.2588	0.003859	0.1223	0.6729	210000
	S[5,90]	0.2341	0.2594	0.009112	0.1194	0.668	210000
	S[5,91]	0.2322	0.26	0.006064	0.1167	0.6712	210000
	S[5,92]	0.2303	0.2605	0.007114	0.1139	0.6769	210000
	S[5,93]	0.2285	0.2611	0.006013	0.1111	0.68	210000
	S[5,94]	0.2267	0.2616	0.007573	0.1086	0.6774	210000
	S[5,95]	0.225	0.2621	0.008612	0.106	0.6722	210000
	S[5,96]	0.2233	0.2626	0.008146	0.1035	0.6688	210000
	S[5,97]	0.2216	0.2631	0.003783	0.1011	0.7028	210000
	S[5,98]	0.22	0.2635	0.003755	0.09861	0.7117	210000
	S[5,99]	0.2184	0.264	0.008181	0.09624	0.7174	210000
	S[5,100]	0.2169	0.2644	0.007457	0.09396	0.7087	210000
	S[5,101]	0.2153	0.2648	0.0087	0.09171	0.7043	210000
	S[5,102]	0.2139	0.2652	0.005976	0.08947	0.6935	210000
	S[5,103]	0.2124	0.2656	0.007284	0.08739	0.6949	210000
	S[5,104]	0.211	0.266	0.00734	0.08528	0.6872	210000
	S[5,105]	0.2096	0.2664	0.006177	0.08329	0.691	210000
	S[5,106]	0.2083	0.2667	0.007714	0.0813	0.704	210000
	S[5,107]	0.207	0.2671	0.003693	0.07937	0.711	210000
	S[5,108]	0.2057	0.2674	0.00809	0.07745	0.7113	210000
	S[5,109]	0.2044	0.2677	0.005639	0.07563	0.71	210000
	S[5,110]	0.2032	0.2681	0.005671	0.07383	0.7179	210000
	S[5,111]	0.202	0.2684	0.006484	0.07207	0.7164	210000
	S[5,112]	0.2008	0.2687	0.007388	0.07045	0.7047	210000
	S[5,113]	0.1997	0.2689	0.003197	0.06879	0.6955	210000
	S[5,114]	0.1986	0.2692	0.006587	0.06719	0.6951	210000
	S[5,115]	0.1975	0.2695	0.003167	0.06558	0.6938	210000
	S[5,116]	0.1964	0.2697	0.003142	0.064	0.7021	210000
	S[5,117]	0.1953	0.27	0.005617	0.06251	0.6876	210000
	S[5,118]	0.1943	0.2702	0.005079	0.06103	0.694	210000
	S[5,119]	0.1933	0.2705	0.00559	0.05962	0.6926	210000
	S[5,120]	0.1923	0.2707	0.004826	0.0582	0.7275	210000
	S[6,1]	0.8458	0.2772	0.005152	0.9719	0.9898	210000
	S[6,2]	0.8228	0.27	0.003111	0.943	0.9742	210000
	S[6,3]	0.8016	0.2618	0.005637	0.9145	0.9566	210000
	S[6,4]	0.7809	0.2536	0.005632	0.8863	0.9384	210000
	S[6,5]	0.7605	0.2456	0.005633	0.8588	0.9205	210000
	S[6,6]	0.7406	0.2379	0.005633	0.8316	0.9037	210000
	S[6,7]	0.721	0.2306	0.005633	0.8048	0.8861	210000
	S[6,8]	0.7019	0.2239	0.005633	0.7785	0.869	210000
	S[6,9]	0.6833	0.2177	0.005634	0.7532	0.8537	210000
	S[6,10]	0.6652	0.212	0.005633	0.7283	0.8397	210000
	S[6,11]	0.6476	0.2069	0.005633	0.7043	0.8258	210000
	S[6,12]	0.6304	0.2023	0.005633	0.681	0.8094	210000
	S[6,13]	0.6138	0.1984	0.005633	0.6582	0.7996	210000
	S[6,14]	0.5976	0.195	0.005633	0.6361	0.7873	210000
	S[6,15]	0.5819	0.1921	0.005633	0.6146	0.779	210000
	S[6,16]	0.5667	0.1897	0.005633	0.5938	0.7705	210000
	S[6,17]	0.552	0.1879	0.005633	0.5737	0.7622	210000
	S[6,18]	0.5378	0.1865	0.005633	0.5543	0.7539	210000
	S[6,19]	0.524	0.1855	0.005642	0.5356	0.7451	210000
	S[6,20]	0.5106	0.1849	0.008666	0.5175	0.7408	210000
	S[6,21]	0.4977	0.1847	0.005633	0.4997	0.7372	210000
	S[6,22]	0.4853	0.1848	0.005633	0.4829	0.7276	210000
	S[6,23]	0.4732	0.1852	0.005633	0.4664	0.7201	210000
	S[6,24]	0.4615	0.1859	0.005633	0.4506	0.7168	210000
	S[6,25]	0.4503	0.1868	0.005632	0.435	0.7162	210000
	S[6,26]	0.4394	0.1879	0.005633	0.4199	0.7063	210000
	S[6,27]	0.4289	0.1892	0.005633	0.4054	0.6997	210000
	S[6,28]	0.4187	0.1906	0.005633	0.3915	0.6991	210000
	S[6,29]	0.4089	0.1921	0.005633	0.3779	0.6876	210000
	S[6,30]	0.3995	0.1937	0.005633	0.3647	0.6833	210000
	S[6,31]	0.3904	0.1954	0.005633	0.3519	0.6855	210000
	S[6,32]	0.3815	0.1972	0.005633	0.3398	0.6822	210000
	S[6,33]	0.373	0.199	0.005633	0.3278	0.6833	210000
	S[6,34]	0.3648	0.2008	0.005633	0.3165	0.6801	210000
	S[6,35]	0.3569	0.2027	0.005632	0.3053	0.6757	210000
	S[6,36]	0.3493	0.2046	0.005633	0.2947	0.6727	210000
	S[6,37]	0.3419	0.2064	0.005632	0.2845	0.6761	210000
	S[6,38]	0.3348	0.2083	0.005633	0.2745	0.6682	210000
	S[6,39]	0.3279	0.2101	0.009446	0.2649	0.6619	210000
	S[6,40]	0.3213	0.212	0.008749	0.2556	0.6696	210000
	S[6,41]	0.3149	0.2138	0.009155	0.2467	0.6594	210000
	S[6,42]	0.3087	0.2155	0.0108	0.2379	0.6586	210000
	S[6,43]	0.3028	0.2172	0.01051	0.2296	0.6581	210000
	S[6,44]	0.297	0.2189	0.009806	0.2215	0.6547	210000
	S[6,45]	0.2915	0.2206	0.009706	0.2139	0.6442	210000
	S[6,46]	0.2861	0.2222	0.006663	0.2063	0.6416	210000
	S[6,47]	0.281	0.2238	0.004891	0.199	0.6281	210000
	S[6,48]	0.276	0.2253	0.004877	0.1921	0.6151	210000
	S[6,49]	0.2712	0.2268	0.01192	0.1853	0.6275	210000
	S[6,50]	0.2666	0.2282	0.009736	0.1787	0.6243	210000
	S[6,51]	0.2621	0.2296	0.0127	0.1724	0.6088	210000
	S[6,52]	0.2578	0.231	0.01141	0.1664	0.5976	210000
	S[6,53]	0.2537	0.2323	0.008349	0.1605	0.5963	210000
	S[6,54]	0.2497	0.2336	0.008538	0.1548	0.5941	210000
	S[6,55]	0.2458	0.2348	0.00647	0.1493	0.6104	210000
	S[6,56]	0.2421	0.236	0.01323	0.144	0.6139	210000
	S[6,57]	0.2385	0.2371	0.01184	0.139	0.5952	210000
	S[6,58]	0.235	0.2382	0.007293	0.1341	0.5863	210000
	S[6,59]	0.2316	0.2392	0.01156	0.1292	0.5797	210000
	S[6,60]	0.2284	0.2403	0.01167	0.1247	0.5789	210000
	S[6,61]	0.2253	0.2412	0.005232	0.1203	0.5749	210000
	S[6,62]	0.2223	0.2422	0.007981	0.116	0.5657	210000
	S[6,63]	0.2194	0.2431	0.005321	0.1119	0.5778	210000
	S[6,64]	0.2165	0.2439	0.008489	0.1079	0.5658	210000
	S[6,65]	0.2138	0.2448	0.005402	0.104	0.5629	210000
	S[6,66]	0.2112	0.2455	0.005355	0.1003	0.5537	210000
	S[6,67]	0.2087	0.2463	0.005295	0.09675	0.5454	210000
	S[6,68]	0.2063	0.247	0.004831	0.09329	0.5424	210000
	S[6,69]	0.2039	0.2477	0.005686	0.08997	0.5357	210000
	S[6,70]	0.2016	0.2484	0.00846	0.08673	0.5243	210000
	S[6,71]	0.1994	0.249	0.005472	0.08359	0.5261	210000
	S[6,72]	0.1973	0.2496	0.006	0.08063	0.5229	210000
	S[6,73]	0.1952	0.2502	0.005565	0.07778	0.5198	210000
	S[6,74]	0.1933	0.2508	0.00557	0.07502	0.5145	210000
	S[6,75]	0.1913	0.2513	0.005309	0.07233	0.5032	210000
	S[6,76]	0.1895	0.2518	0.006015	0.06974	0.4972	210000
	S[6,77]	0.1877	0.2523	0.01164	0.06722	0.4925	210000
	S[6,78]	0.186	0.2527	0.00607	0.06483	0.4875	210000
	S[6,79]	0.1843	0.2531	0.01153	0.06252	0.4745	210000
	S[6,80]	0.1827	0.2535	0.01214	0.06031	0.4693	210000
	S[6,81]	0.1811	0.2539	0.004879	0.05817	0.4687	210000
	S[6,82]	0.1796	0.2543	0.005756	0.0561	0.4619	210000
	S[6,83]	0.1782	0.2546	0.005672	0.05407	0.4581	210000
	S[6,84]	0.1767	0.255	0.005584	0.05211	0.4539	210000
	S[6,85]	0.1754	0.2553	0.004874	0.05023	0.4532	210000
	S[6,86]	0.1741	0.2556	0.006147	0.04843	0.452	210000
	S[6,87]	0.1728	0.2558	0.008852	0.04669	0.4457	210000
	S[6,88]	0.1715	0.2561	0.009818	0.04499	0.4433	210000
	S[6,89]	0.1703	0.2563	0.007025	0.04338	0.4338	210000
	S[6,90]	0.1692	0.2566	0.005073	0.04183	0.4333	210000
	S[6,91]	0.1681	0.2568	0.009231	0.04036	0.4296	210000
	S[6,92]	0.167	0.257	0.007333	0.03892	0.4236	210000
	S[6,93]	0.1659	0.2572	0.006549	0.03753	0.4191	210000
	S[6,94]	0.1649	0.2574	0.006213	0.03619	0.4164	210000
	S[6,95]	0.1639	0.2575	0.006408	0.03491	0.4096	210000
	S[6,96]	0.1629	0.2577	0.007617	0.03366	0.4091	210000
	S[6,97]	0.162	0.2578	0.006533	0.03244	0.4021	210000
	S[6,98]	0.1611	0.2579	0.006219	0.03127	0.3912	210000
	S[6,99]	0.1602	0.258	0.005516	0.03014	0.385	210000
	S[6,100]	0.1594	0.2581	0.005281	0.02907	0.3803	210000
	S[6,101]	0.1586	0.2582	0.005595	0.02801	0.3767	210000
	S[6,102]	0.1578	0.2583	0.00434	0.02701	0.3756	210000
	S[6,103]	0.157	0.2584	0.004564	0.02605	0.3687	210000
	S[6,104]	0.1563	0.2585	0.004885	0.02511	0.3651	210000
	S[6,105]	0.1555	0.2585	0.00445	0.02423	0.3613	210000
	S[6,106]	0.1548	0.2586	0.004495	0.02335	0.3596	210000
	S[6,107]	0.1541	0.2586	0.004076	0.02252	0.3546	210000
	S[6,108]	0.1535	0.2587	0.004023	0.02168	0.3495	210000
	S[6,109]	0.1528	0.2587	0.003708	0.0209	0.3466	210000
	S[6,110]	0.1522	0.2587	0.00374	0.02016	0.3375	210000
	S[6,111]	0.1516	0.2588	0.003343	0.01945	0.3316	210000
	S[6,112]	0.151	0.2588	0.00319	0.01876	0.3288	210000
	S[6,113]	0.1504	0.2588	0.003072	0.01807	0.3264	210000
	S[6,114]	0.1499	0.2588	0.003037	0.01743	0.3243	210000
	S[6,115]	0.1493	0.2588	0.002583	0.0168	0.3219	210000
	S[6,116]	0.1488	0.2588	0.002456	0.01617	0.3192	210000
	S[6,117]	0.1483	0.2587	0.002361	0.01555	0.3175	210000
	S[6,118]	0.1478	0.2587	0.00252	0.01498	0.3125	210000
	S[6,119]	0.1473	0.2587	0.00238	0.01442	0.3086	210000
	S[6,120]	0.1468	0.2587	0.00225	0.01391	0.3038	210000
	S[7,1]	0.8887	0.2463	0.0104	0.9859	0.9981	210000
	S[7,2]	0.8757	0.2431	0.01039	0.9701	0.9928	210000
	S[7,3]	0.8629	0.239	0.01039	0.9534	0.9858	210000
	S[7,4]	0.8499	0.2347	0.01039	0.9364	0.9778	210000
	S[7,5]	0.8367	0.2304	0.01039	0.9189	0.9694	210000
	S[7,6]	0.8232	0.2261	0.0104	0.9011	0.9613	210000
	S[7,7]	0.8096	0.2218	0.01039	0.8834	0.9533	210000
	S[7,8]	0.7959	0.2178	0.01039	0.8654	0.9456	210000
	S[7,9]	0.7823	0.214	0.01039	0.8473	0.939	210000
	S[7,10]	0.7687	0.2104	0.01039	0.829	0.933	210000
	S[7,11]	0.7552	0.2071	0.01039	0.8107	0.9262	210000
	S[7,12]	0.7418	0.204	0.01039	0.793	0.9217	210000
	S[7,13]	0.7285	0.2014	0.01039	0.7752	0.9167	210000
	S[7,14]	0.7154	0.199	0.01039	0.7575	0.9161	210000
	S[7,15]	0.7025	0.197	0.01039	0.7401	0.9146	210000
	S[7,16]	0.6897	0.1953	0.01039	0.7227	0.9066	210000
	S[7,17]	0.6772	0.1939	0.01039	0.7056	0.907	210000
	S[7,18]	0.6649	0.1929	0.01039	0.689	0.9076	210000
	S[7,19]	0.6528	0.1922	0.01039	0.6727	0.9009	210000
	S[7,20]	0.6409	0.1918	0.01039	0.6565	0.8981	210000
	S[7,21]	0.6292	0.1916	0.01039	0.6406	0.8946	210000
	S[7,22]	0.6178	0.1918	0.01039	0.6254	0.8943	210000
	S[7,23]	0.6066	0.1922	0.01039	0.6102	0.8921	210000
	S[7,24]	0.5956	0.1929	0.01039	0.5955	0.8878	210000
	S[7,25]	0.5849	0.1937	0.01039	0.5809	0.8865	210000
	S[7,26]	0.5744	0.1948	0.01039	0.5667	0.8886	210000
	S[7,27]	0.5642	0.1961	0.01039	0.5525	0.8896	210000
	S[7,28]	0.5542	0.1975	0.01039	0.539	0.8929	210000
	S[7,29]	0.5444	0.199	0.01039	0.5255	0.8956	210000
	S[7,30]	0.5348	0.2007	0.01039	0.5124	0.8845	210000
	S[7,31]	0.5255	0.2025	0.01039	0.5001	0.884	210000
	S[7,32]	0.5164	0.2043	0.01039	0.4875	0.8833	210000
	S[7,33]	0.5075	0.2063	0.01039	0.4757	0.8851	210000
	S[7,34]	0.4988	0.2083	0.01039	0.4635	0.876	210000
	S[7,35]	0.4903	0.2104	0.01039	0.4518	0.8742	210000
	S[7,36]	0.4821	0.2125	0.01039	0.4407	0.8773	210000
	S[7,37]	0.474	0.2146	0.01039	0.4295	0.876	210000
	S[7,38]	0.4662	0.2168	0.01039	0.4189	0.8755	210000
	S[7,39]	0.4585	0.2189	0.01039	0.4087	0.8664	210000
	S[7,40]	0.4511	0.2211	0.01039	0.3988	0.8696	210000
	S[7,41]	0.4438	0.2233	0.01039	0.3888	0.8723	210000
	S[7,42]	0.4368	0.2255	0.01039	0.3788	0.8708	210000
	S[7,43]	0.4299	0.2276	0.01039	0.3692	0.8673	210000
	S[7,44]	0.4232	0.2298	0.01039	0.3598	0.868	210000
	S[7,45]	0.4166	0.2319	0.01039	0.3505	0.8673	210000
	S[7,46]	0.4103	0.234	0.01039	0.3414	0.8685	210000
	S[7,47]	0.4041	0.236	0.01039	0.3325	0.8704	210000
	S[7,48]	0.398	0.2381	0.01039	0.3244	0.8712	210000
	S[7,49]	0.3922	0.2401	0.01039	0.3158	0.8695	210000
	S[7,50]	0.3865	0.242	0.01039	0.3073	0.8722	210000
	S[7,51]	0.3809	0.244	0.01039	0.2996	0.8703	210000
	S[7,52]	0.3755	0.2459	0.01039	0.2922	0.8769	210000
	S[7,53]	0.3702	0.2477	0.01039	0.2843	0.8779	210000
	S[7,54]	0.3651	0.2495	0.01039	0.2772	0.8874	210000
	S[7,55]	0.3601	0.2513	0.01039	0.2702	0.8811	210000
	S[7,56]	0.3552	0.253	0.01039	0.2632	0.8883	210000
	S[7,57]	0.3505	0.2547	0.01039	0.2564	0.8961	210000
	S[7,58]	0.3459	0.2564	0.01039	0.2495	0.8961	210000
	S[7,59]	0.3414	0.258	0.01039	0.2433	0.8896	210000
	S[7,60]	0.337	0.2596	0.01039	0.2367	0.8884	210000
	S[7,61]	0.3328	0.2611	0.01039	0.2308	0.8959	210000
	S[7,62]	0.3286	0.2626	0.01039	0.225	0.8925	210000
	S[7,63]	0.3246	0.264	0.01039	0.2193	0.8973	210000
	S[7,64]	0.3207	0.2654	0.01039	0.2136	0.8994	210000
	S[7,65]	0.3169	0.2668	0.01039	0.2082	0.8972	210000
	S[7,66]	0.3132	0.2682	0.01039	0.203	0.8963	210000
	S[7,67]	0.3096	0.2695	0.01039	0.1976	0.8953	210000
	S[7,68]	0.3061	0.2707	0.01039	0.1926	0.8967	210000
	S[7,69]	0.3026	0.2719	0.01039	0.1876	0.8886	210000
	S[7,70]	0.2993	0.2731	0.01039	0.1828	0.8954	210000
	S[7,71]	0.2961	0.2743	0.01038	0.1781	0.8944	210000
	S[7,72]	0.2929	0.2754	0.01038	0.1734	0.9023	210000
	S[7,73]	0.2899	0.2765	0.01038	0.1687	0.8923	210000
	S[7,74]	0.2869	0.2775	0.01039	0.1643	0.886	210000
	S[7,75]	0.284	0.2786	0.01039	0.16	0.8912	210000
	S[7,76]	0.2811	0.2796	0.01038	0.1558	0.8874	210000
	S[7,77]	0.2784	0.2805	0.01038	0.1517	0.8861	210000
	S[7,78]	0.2757	0.2814	0.01037	0.1478	0.8959	210000
	S[7,79]	0.2731	0.2823	0.01035	0.1438	0.9061	210000
	S[7,80]	0.2705	0.2832	0.01034	0.1401	0.9005	210000
	S[7,81]	0.2681	0.2841	0.01032	0.1364	0.8976	210000
	S[7,82]	0.2657	0.2849	0.0103	0.1328	0.8931	210000
	S[7,83]	0.2633	0.2857	0.01023	0.1293	0.9006	210000
	S[7,84]	0.261	0.2864	0.0102	0.1259	0.8932	210000
	S[7,85]	0.2588	0.2872	0.01015	0.1225	0.899	210000
	S[7,86]	0.2566	0.2879	0.01009	0.1194	0.8945	210000
	S[7,87]	0.2545	0.2886	0.01003	0.1163	0.8929	210000
	S[7,88]	0.2525	0.2892	0.009941	0.1132	0.8929	210000
	S[7,89]	0.2505	0.2899	0.009797	0.1102	0.8982	210000
	S[7,90]	0.2485	0.2905	0.009694	0.1072	0.8925	210000
	S[7,91]	0.2466	0.2911	0.009561	0.1044	0.898	210000
	S[7,92]	0.2447	0.2917	0.009416	0.1016	0.8946	210000
	S[7,93]	0.2429	0.2923	0.009275	0.09896	0.8943	210000
	S[7,94]	0.2412	0.2928	0.009117	0.09631	0.8952	210000
	S[7,95]	0.2395	0.2933	0.008953	0.09382	0.894	210000
	S[7,96]	0.2378	0.2938	0.008788	0.09139	0.8977	210000
	S[7,97]	0.2362	0.2943	0.008583	0.08906	0.8925	210000
	S[7,98]	0.2346	0.2948	0.008402	0.08677	0.8921	210000
	S[7,99]	0.233	0.2953	0.008206	0.08452	0.8899	210000
	S[7,100]	0.2315	0.2957	0.007987	0.08236	0.8901	210000
	S[7,101]	0.23	0.2961	0.00777	0.0802	0.8919	210000
	S[7,102]	0.2286	0.2965	0.007502	0.07808	0.8837	210000
	S[7,103]	0.2272	0.2969	0.007297	0.07604	0.8961	210000
	S[7,104]	0.2258	0.2973	0.007085	0.074	0.8869	210000
	S[7,105]	0.2245	0.2977	0.006868	0.07213	0.8929	210000
	S[7,106]	0.2232	0.298	0.006654	0.07026	0.893	210000
	S[7,107]	0.2219	0.2984	0.006449	0.06842	0.8915	210000
	S[7,108]	0.2207	0.2987	0.006225	0.06657	0.8903	210000
	S[7,109]	0.2195	0.299	0.005971	0.06482	0.8919	210000
	S[7,110]	0.2183	0.2993	0.005758	0.06311	0.8911	210000
	S[7,111]	0.2172	0.2996	0.005562	0.06146	0.8895	210000
	S[7,112]	0.2161	0.2998	0.005361	0.05988	0.8887	210000
	S[7,113]	0.215	0.3001	0.005161	0.05834	0.8874	210000
	S[7,114]	0.2139	0.3004	0.004962	0.0568	0.8845	210000
	S[7,115]	0.2129	0.3006	0.004776	0.05527	0.8845	210000
	S[7,116]	0.2118	0.3008	0.004607	0.05381	0.8842	210000
	S[7,117]	0.2108	0.3011	0.004448	0.05241	0.8952	210000
	S[7,118]	0.2099	0.3013	0.00429	0.05107	0.8947	210000
	S[7,119]	0.2089	0.3015	0.004014	0.04976	0.8986	210000
	S[7,120]	0.208	0.3017	0.003777	0.04844	0.8919	210000
	S[8,1]	0.7054	0.3929	-1.579E-9	0.9147	0.9977	210000
	S[8,2]	0.6713	0.3785	-9.647E-8	0.8668	0.988	210000
	S[8,3]	0.6446	0.3668	-9.419E-8	0.8301	0.9697	210000
	S[8,4]	0.6214	0.3565	2.164E-9	0.799	0.9465	210000
	S[8,5]	0.6004	0.3469	-1.542E-8	0.7706	0.9233	210000
	S[8,6]	0.5808	0.3378	-9.835E-8	0.7457	0.8983	210000
	S[8,7]	0.5623	0.3293	-6.985E-9	0.722	0.8751	210000
	S[8,8]	0.5448	0.3213	-1.14E-7	0.6999	0.8523	210000
	S[8,9]	0.5282	0.3137	-5.787E-8	0.6786	0.8316	210000
	S[8,10]	0.5123	0.3066	-7.848E-8	0.6588	0.8127	210000
	S[8,11]	0.4971	0.2999	-8.676E-8	0.6397	0.7939	210000
	S[8,12]	0.4826	0.2936	-1.001E-7	0.6217	0.776	210000
	S[8,13]	0.4688	0.2877	-1.194E-7	0.6051	0.7577	210000
	S[8,14]	0.4556	0.2821	-7.517E-8	0.5893	0.7403	210000
	S[8,15]	0.4429	0.2767	-6.027E-8	0.574	0.7249	210000
	S[8,16]	0.4308	0.2716	-3.155E-8	0.5597	0.7089	210000
	S[8,17]	0.4193	0.2667	-3.047E-8	0.5455	0.6939	210000
	S[8,18]	0.4083	0.2618	-2.428E-8	0.5319	0.6807	210000
	S[8,19]	0.3977	0.2571	-8.187E-8	0.5188	0.668	210000
	S[8,20]	0.3875	0.2525	-8.181E-8	0.5062	0.6556	210000
	S[8,21]	0.3778	0.248	-1.052E-7	0.4939	0.6432	210000
	S[8,22]	0.3684	0.2435	-4.225E-8	0.4821	0.631	210000
	S[8,23]	0.3594	0.2391	-6.252E-8	0.4709	0.6192	210000
	S[8,24]	0.3508	0.2347	-0.001527	0.4599	0.6077	210000
	S[8,25]	0.3424	0.2304	-0.001166	0.4493	0.5963	210000
	S[8,26]	0.3343	0.2261	-0.001616	0.439	0.585	210000
	S[8,27]	0.3265	0.2218	-9.425E-8	0.429	0.5747	210000
	S[8,28]	0.319	0.2176	-9.204E-8	0.4191	0.5644	210000
	S[8,29]	0.3117	0.2135	-1.002E-7	0.4096	0.5546	210000
	S[8,30]	0.3046	0.2094	-2.531E-8	0.4003	0.5444	210000
	S[8,31]	0.2978	0.2053	-5.529E-8	0.3911	0.5344	210000
	S[8,32]	0.2911	0.2014	-2.696E-8	0.3823	0.5252	210000
	S[8,33]	0.2847	0.1974	-4.168E-8	0.3737	0.5153	210000
	S[8,34]	0.2784	0.1936	-9.589E-8	0.3653	0.5059	210000
	S[8,35]	0.2723	0.1898	-3.948E-9	0.3571	0.497	210000
	S[8,36]	0.2664	0.1861	-1.235E-8	0.3492	0.4883	210000
	S[8,37]	0.2606	0.1824	-2.113E-8	0.3414	0.4795	210000
	S[8,38]	0.255	0.1789	-5.126E-8	0.3339	0.4711	210000
	S[8,39]	0.2495	0.1754	-1.855E-8	0.3266	0.4625	210000
	S[8,40]	0.2442	0.1719	-7.712E-8	0.3193	0.4544	210000
	S[8,41]	0.239	0.1686	-1.931E-9	0.3122	0.4465	210000
	S[8,42]	0.234	0.1653	-6.595E-8	0.3053	0.4387	210000
	S[8,43]	0.229	0.1621	-5.739E-8	0.2986	0.4306	210000
	S[8,44]	0.2242	0.159	-4.666E-8	0.2921	0.4232	210000
	S[8,45]	0.2196	0.1559	-1.31E-8	0.2857	0.4156	210000
	S[8,46]	0.215	0.1529	-7.406E-8	0.2794	0.4081	210000
	S[8,47]	0.2105	0.15	-6.444E-8	0.2733	0.4012	210000
	S[8,48]	0.2062	0.1471	-3.496E-8	0.2672	0.3945	210000
	S[8,49]	0.2019	0.1443	-7.939E-8	0.2614	0.3881	210000
	S[8,50]	0.1978	0.1416	-3.384E-9	0.2556	0.3815	210000
	S[8,51]	0.1937	0.139	-9.014E-8	0.2501	0.3751	210000
	S[8,52]	0.1898	0.1364	-2.259E-8	0.2446	0.3691	210000
	S[8,53]	0.1859	0.1338	-8.618E-8	0.2392	0.3631	210000
	S[8,54]	0.1822	0.1314	-8.397E-8	0.234	0.3572	210000
	S[8,55]	0.1785	0.129	-8.028E-8	0.2289	0.3514	210000
	S[8,56]	0.1749	0.1266	-5.697E-8	0.2239	0.3458	210000
	S[8,57]	0.1714	0.1243	5.061E-9	0.219	0.3403	210000
	S[8,58]	0.168	0.122	-0.002187	0.2143	0.335	210000
	S[8,59]	0.1646	0.1198	-0.002183	0.2097	0.3298	210000
	S[8,60]	0.1614	0.1177	-0.00223	0.2052	0.3246	210000
	S[8,61]	0.1582	0.1156	-0.002219	0.2008	0.3195	210000
	S[8,62]	0.1551	0.1135	-0.002187	0.1965	0.3144	210000
	S[8,63]	0.152	0.1115	-0.002181	0.1923	0.3095	210000
	S[8,64]	0.149	0.1096	-0.002173	0.1882	0.3048	210000
	S[8,65]	0.1461	0.1077	-0.002245	0.1842	0.3001	210000
	S[8,66]	0.1433	0.1058	-0.002246	0.1803	0.2956	210000
	S[8,67]	0.1405	0.1039	-0.002189	0.1764	0.2912	210000
	S[8,68]	0.1378	0.1021	-0.002182	0.1726	0.2867	210000
	S[8,69]	0.1351	0.1004	-0.002181	0.169	0.2825	210000
	S[8,70]	0.1325	0.09866	-0.00225	0.1654	0.2782	210000
	S[8,71]	0.13	0.09697	-0.002242	0.1619	0.274	210000
	S[8,72]	0.1275	0.09532	-0.00218	0.1585	0.2699	210000
	S[8,73]	0.125	0.0937	-0.002164	0.1551	0.2665	210000
	S[8,74]	0.1227	0.09211	-0.002256	0.1519	0.2625	210000
	S[8,75]	0.1203	0.09056	-0.002239	0.1487	0.2585	210000
	S[8,76]	0.1181	0.08904	-0.002247	0.1456	0.2548	210000
	S[8,77]	0.1158	0.08754	-0.002194	0.1425	0.251	210000
	S[8,78]	0.1136	0.08608	-0.002188	0.1395	0.2473	210000
	S[8,79]	0.1115	0.08465	-0.002186	0.1366	0.2438	210000
	S[8,80]	0.1094	0.08324	-0.002182	0.1337	0.2403	210000
	S[8,81]	0.1074	0.08187	-0.002173	0.1309	0.2368	210000
	S[8,82]	0.1054	0.08052	-0.00219	0.1282	0.2334	210000
	S[8,83]	0.1034	0.07919	-0.002192	0.1255	0.2296	210000
	S[8,84]	0.1015	0.07789	-0.00217	0.1229	0.2263	210000
	S[8,85]	0.09959	0.07662	-0.002196	0.1203	0.223	210000
	S[8,86]	0.09775	0.07537	-0.002196	0.1178	0.2197	210000
	S[8,87]	0.09594	0.07414	-0.002197	0.1154	0.2166	210000
	S[8,88]	0.09417	0.07294	-0.002164	0.113	0.2134	210000
	S[8,89]	0.09244	0.07176	-0.002183	0.1107	0.2103	210000
	S[8,90]	0.09075	0.0706	-0.002172	0.1084	0.2073	210000
	S[8,91]	0.08908	0.06947	-0.002196	0.1061	0.2043	210000
	S[8,92]	0.08746	0.06835	-0.002159	0.1039	0.2014	210000
	S[8,93]	0.08586	0.06726	-0.002158	0.1018	0.1985	210000
	S[8,94]	0.0843	0.06619	-0.002175	0.09967	0.1957	210000
	S[8,95]	0.08277	0.06513	-0.002158	0.09761	0.193	210000
	S[8,96]	0.08127	0.0641	-0.002165	0.09559	0.1902	210000
	S[8,97]	0.0798	0.06308	-0.002163	0.09361	0.1876	210000
	S[8,98]	0.07836	0.06209	-0.00216	0.09167	0.1849	210000
	S[8,99]	0.07694	0.06111	-0.002196	0.08979	0.1824	210000
	S[8,100]	0.07556	0.06015	-0.002161	0.08794	0.1798	210000
	S[8,101]	0.0742	0.05921	-0.002176	0.08612	0.1774	210000
	S[8,102]	0.07287	0.05828	-0.002158	0.08435	0.1749	210000
	S[8,103]	0.07156	0.05737	-0.002191	0.08262	0.1724	210000
	S[8,104]	0.07029	0.05648	-0.002193	0.08092	0.1701	210000
	S[8,105]	0.06903	0.0556	-0.002175	0.07926	0.1677	210000
	S[8,106]	0.0678	0.05474	-0.002193	0.07761	0.1654	210000
	S[8,107]	0.0666	0.0539	-0.002164	0.07601	0.1632	210000
	S[8,108]	0.06541	0.05306	-0.002195	0.07444	0.1609	210000
	S[8,109]	0.06425	0.05225	-0.00219	0.0729	0.1587	210000
	S[8,110]	0.06312	0.05145	-0.002197	0.07139	0.1565	210000
	S[8,111]	0.062	0.05066	-0.002182	0.06992	0.1543	210000
	S[8,112]	0.06091	0.04989	-0.002181	0.06847	0.1522	210000
	S[8,113]	0.05983	0.04913	-0.002184	0.06707	0.1501	210000
	S[8,114]	0.05878	0.04838	-0.002191	0.06569	0.148	210000
	S[8,115]	0.05775	0.04765	-0.002166	0.06435	0.146	210000
	S[8,116]	0.05673	0.04693	-0.002184	0.06302	0.144	210000
	S[8,117]	0.05574	0.04622	-0.002159	0.06173	0.1421	210000
	S[8,118]	0.05476	0.04552	-0.002193	0.06045	0.1401	210000
	S[8,119]	0.05381	0.04484	-0.002186	0.05922	0.1383	210000
	S[8,120]	0.05287	0.04416	-0.002178	0.05801	0.1364	210000
	S[9,1]	0.9105	0.04735	0.806	0.9199	0.9875	210000
	S[9,2]	0.8659	0.06619	0.7235	0.8804	0.9705	210000
	S[9,3]	0.8334	0.07831	0.6673	0.8515	0.953	210000
	S[9,4]	0.8065	0.08735	0.6245	0.8281	0.9357	210000
	S[9,5]	0.7832	0.09458	0.5886	0.8078	0.9195	210000
	S[9,6]	0.7621	0.1006	0.5574	0.7895	0.9027	210000
	S[9,7]	0.7428	0.1057	0.5298	0.7727	0.8837	210000
	S[9,8]	0.7249	0.1101	0.5049	0.7572	0.8683	210000
	S[9,9]	0.7081	0.114	0.4826	0.7425	0.8528	210000
	S[9,10]	0.6923	0.1174	0.4617	0.7286	0.8377	210000
	S[9,11]	0.6772	0.1204	0.4422	0.7153	0.823	210000
	S[9,12]	0.6628	0.123	0.424	0.7026	0.8093	210000
	S[9,13]	0.6491	0.1254	0.4069	0.6905	0.7964	210000
	S[9,14]	0.6358	0.1275	0.391	0.6787	0.7837	210000
	S[9,15]	0.6231	0.1294	0.376	0.6674	0.771	210000
	S[9,16]	0.6109	0.1311	0.3617	0.6564	0.7592	210000
	S[9,17]	0.599	0.1326	0.3482	0.6457	0.7475	210000
	S[9,18]	0.5876	0.1339	0.3354	0.6354	0.7362	210000
	S[9,19]	0.5765	0.1351	0.3231	0.6251	0.7257	210000
	S[9,20]	0.5657	0.1361	0.3115	0.6152	0.7152	210000
	S[9,21]	0.5553	0.137	0.3004	0.6055	0.7053	210000
	S[9,22]	0.5451	0.1377	0.2898	0.5962	0.6953	210000
	S[9,23]	0.5353	0.1384	0.2796	0.587	0.6856	210000
	S[9,24]	0.5257	0.1389	0.2697	0.5781	0.6764	210000
	S[9,25]	0.5163	0.1394	0.2604	0.5695	0.6671	210000
	S[9,26]	0.5072	0.1397	0.2513	0.561	0.658	210000
	S[9,27]	0.4984	0.14	0.2428	0.5526	0.6495	210000
	S[9,28]	0.4897	0.1402	0.2346	0.5446	0.6406	210000
	S[9,29]	0.4813	0.1403	0.2267	0.5367	0.6323	210000
	S[9,30]	0.473	0.1404	0.219	0.5291	0.6245	210000
	S[9,31]	0.465	0.1403	0.2117	0.5216	0.6167	210000
	S[9,32]	0.4571	0.1403	0.2046	0.5141	0.6098	210000
	S[9,33]	0.4494	0.1402	0.1976	0.5069	0.6026	210000
	S[9,34]	0.4419	0.14	0.191	0.4998	0.5955	210000
	S[9,35]	0.4346	0.1398	0.1847	0.4929	0.5884	210000
	S[9,36]	0.4274	0.1395	0.1786	0.4861	0.5817	210000
	S[9,37]	0.4204	0.1392	0.1728	0.4793	0.5748	210000
	S[9,38]	0.4136	0.1388	0.1671	0.4727	0.5682	210000
	S[9,39]	0.4069	0.1385	0.1616	0.4662	0.5614	210000
	S[9,40]	0.4003	0.1381	0.1564	0.4599	0.555	210000
	S[9,41]	0.3939	0.1376	0.1513	0.4536	0.5487	210000
	S[9,42]	0.3876	0.1372	0.1464	0.4475	0.5423	210000
	S[9,43]	0.3814	0.1367	0.1417	0.4415	0.5362	210000
	S[9,44]	0.3754	0.1362	0.1371	0.4356	0.5298	210000
	S[9,45]	0.3694	0.1356	0.1327	0.4297	0.5238	210000
	S[9,46]	0.3636	0.1351	0.1284	0.4241	0.5177	210000
	S[9,47]	0.358	0.1345	0.1243	0.4184	0.5117	210000
	S[9,48]	0.3524	0.1339	0.1203	0.4128	0.5057	210000
	S[9,49]	0.3469	0.1333	0.1164	0.4074	0.4998	210000
	S[9,50]	0.3416	0.1327	0.1127	0.402	0.494	210000
	S[9,51]	0.3364	0.132	0.1091	0.3967	0.488	210000
	S[9,52]	0.3312	0.1314	0.1056	0.3914	0.4823	210000
	S[9,53]	0.3262	0.1308	0.1023	0.3862	0.4769	210000
	S[9,54]	0.3212	0.1301	0.09904	0.3812	0.4716	210000
	S[9,55]	0.3164	0.1294	0.09589	0.3762	0.4662	210000
	S[9,56]	0.3116	0.1287	0.09284	0.3712	0.4609	210000
	S[9,57]	0.307	0.128	0.08991	0.3663	0.4556	210000
	S[9,58]	0.3024	0.1274	0.08707	0.3615	0.4505	210000
	S[9,59]	0.2979	0.1266	0.08431	0.3568	0.4455	210000
	S[9,60]	0.2935	0.1259	0.08165	0.3521	0.4406	210000
	S[9,61]	0.2892	0.1252	0.07909	0.3474	0.4359	210000
	S[9,62]	0.285	0.1245	0.0766	0.3429	0.4312	210000
	S[9,63]	0.2808	0.1238	0.07422	0.3384	0.4264	210000
	S[9,64]	0.2767	0.1231	0.07188	0.334	0.422	210000
	S[9,65]	0.2727	0.1223	0.06962	0.3296	0.4173	210000
	S[9,66]	0.2688	0.1216	0.06742	0.3253	0.4129	210000
	S[9,67]	0.2649	0.1209	0.06529	0.3211	0.4086	210000
	S[9,68]	0.2611	0.1201	0.06323	0.3169	0.4043	210000
	S[9,69]	0.2574	0.1194	0.06126	0.3127	0.4001	210000
	S[9,70]	0.2537	0.1187	0.05932	0.3087	0.3959	210000
	S[9,71]	0.2501	0.1179	0.05746	0.3047	0.3918	210000
	S[9,72]	0.2466	0.1172	0.05567	0.3007	0.3878	210000
	S[9,73]	0.2432	0.1164	0.05392	0.2968	0.3839	210000
	S[9,74]	0.2398	0.1157	0.05224	0.293	0.38	210000
	S[9,75]	0.2364	0.115	0.0506	0.2892	0.3763	210000
	S[9,76]	0.2331	0.1142	0.04902	0.2855	0.3726	210000
	S[9,77]	0.2299	0.1135	0.04755	0.2819	0.3689	210000
	S[9,78]	0.2267	0.1127	0.04607	0.2782	0.3653	210000
	S[9,79]	0.2236	0.112	0.04464	0.2747	0.3617	210000
	S[9,80]	0.2205	0.1112	0.04325	0.2712	0.3581	210000
	S[9,81]	0.2175	0.1105	0.04189	0.2677	0.3546	210000
	S[9,82]	0.2146	0.1097	0.04059	0.2643	0.3512	210000
	S[9,83]	0.2117	0.109	0.03933	0.261	0.348	210000
	S[9,84]	0.2088	0.1082	0.0381	0.2576	0.3445	210000
	S[9,85]	0.206	0.1075	0.0369	0.2543	0.3412	210000
	S[9,86]	0.2032	0.1067	0.03574	0.2511	0.3379	210000
	S[9,87]	0.2005	0.106	0.03461	0.2479	0.3347	210000
	S[9,88]	0.1979	0.1052	0.03352	0.2448	0.3316	210000
	S[9,89]	0.1952	0.1045	0.03246	0.2417	0.3283	210000
	S[9,90]	0.1926	0.1037	0.03146	0.2386	0.3253	210000
	S[9,91]	0.1901	0.103	0.03046	0.2356	0.3222	210000
	S[9,92]	0.1876	0.1023	0.0295	0.2327	0.3191	210000
	S[9,93]	0.1852	0.1015	0.02856	0.2298	0.3161	210000
	S[9,94]	0.1827	0.1008	0.02766	0.2269	0.3131	210000
	S[9,95]	0.1804	0.1	0.0268	0.224	0.3102	210000
	S[9,96]	0.178	0.0993	0.02594	0.2213	0.3073	210000
	S[9,97]	0.1757	0.09856	0.02512	0.2185	0.3044	210000
	S[9,98]	0.1735	0.09783	0.02432	0.2158	0.3016	210000
	S[9,99]	0.1712	0.0971	0.02354	0.2131	0.2987	210000
	S[9,100]	0.169	0.09636	0.02276	0.2104	0.296	210000
	S[9,101]	0.1669	0.09563	0.02203	0.2078	0.2932	210000
	S[9,102]	0.1648	0.09491	0.02134	0.2052	0.2905	210000
	S[9,103]	0.1627	0.09418	0.02065	0.2027	0.2879	210000
	S[9,104]	0.1606	0.09346	0.01999	0.2002	0.2852	210000
	S[9,105]	0.1586	0.09274	0.01935	0.1977	0.2826	210000
	S[9,106]	0.1566	0.09202	0.01873	0.1952	0.28	210000
	S[9,107]	0.1546	0.0913	0.01813	0.1928	0.2775	210000
	S[9,108]	0.1527	0.09059	0.01754	0.1905	0.2749	210000
	S[9,109]	0.1508	0.08988	0.01696	0.1881	0.2724	210000
	S[9,110]	0.1489	0.08917	0.01641	0.1858	0.27	210000
	S[9,111]	0.1471	0.08846	0.01587	0.1835	0.2675	210000
	S[9,112]	0.1452	0.08776	0.01535	0.1812	0.2651	210000
	S[9,113]	0.1435	0.08706	0.01483	0.179	0.2628	210000
	S[9,114]	0.1417	0.08636	0.01434	0.1768	0.2604	210000
	S[9,115]	0.1399	0.08566	0.01386	0.1746	0.258	210000
	S[9,116]	0.1382	0.08497	0.01339	0.1725	0.2557	210000
	S[9,117]	0.1366	0.08428	0.01295	0.1704	0.2534	210000
	S[9,118]	0.1349	0.0836	0.01253	0.1683	0.2511	210000
	S[9,119]	0.1333	0.08291	0.01211	0.1662	0.2489	210000
	S[9,120]	0.1316	0.08223	0.01172	0.1642	0.2467	210000
	S[10,1]	0.6753	0.3791	-3.94E-8	0.8694	0.9956	210000
	S[10,2]	0.6431	0.3654	-2.533E-8	0.8231	0.9827	210000
	S[10,3]	0.6222	0.356	-6.847E-8	0.7937	0.9661	210000
	S[10,4]	0.6057	0.3484	-7.047E-8	0.771	0.9479	210000
	S[10,5]	0.5917	0.3418	-1.208E-7	0.7524	0.9311	210000
	S[10,6]	0.5792	0.3358	-4.041E-8	0.7364	0.9153	210000
	S[10,7]	0.5678	0.3303	-1.413E-8	0.7215	0.8965	210000
	S[10,8]	0.5572	0.3251	-1.209E-7	0.7081	0.8809	210000
	S[10,9]	0.5472	0.3202	-1.271E-8	0.6961	0.8664	210000
	S[10,10]	0.5378	0.3157	-5.869E-8	0.6846	0.8543	210000
	S[10,11]	0.5288	0.3113	-5.075E-8	0.6731	0.8418	210000
	S[10,12]	0.5202	0.3072	-1.322E-8	0.662	0.8299	210000
	S[10,13]	0.512	0.3033	-1.1E-7	0.6516	0.8182	210000
	S[10,14]	0.504	0.2997	-1.142E-7	0.6415	0.808	210000
	S[10,15]	0.4964	0.2962	-2.082E-8	0.6318	0.7971	210000
	S[10,16]	0.489	0.2928	-3.311E-8	0.6228	0.7858	210000
	S[10,17]	0.4819	0.2896	-7.445E-8	0.6141	0.7764	210000
	S[10,18]	0.4749	0.2866	-3.576E-8	0.6061	0.7675	210000
	S[10,19]	0.4682	0.2836	-1.227E-7	0.5981	0.7589	210000
	S[10,20]	0.4618	0.2808	-1.492E-8	0.5906	0.7504	210000
	S[10,21]	0.4555	0.2781	-7.065E-8	0.5833	0.743	210000
	S[10,22]	0.4493	0.2755	-5.743E-8	0.5763	0.7353	210000
	S[10,23]	0.4434	0.273	-8.947E-8	0.5694	0.7283	210000
	S[10,24]	0.4376	0.2705	4.86E-9	0.5629	0.7213	210000
	S[10,25]	0.432	0.2681	-7.013E-8	0.5564	0.715	210000
	S[10,26]	0.4265	0.2658	5.204E-9	0.5501	0.709	210000
	S[10,27]	0.4212	0.2635	-9.443E-8	0.544	0.7023	210000
	S[10,28]	0.416	0.2613	-2.629E-8	0.5382	0.6959	210000
	S[10,29]	0.4109	0.2591	-6.724E-8	0.5324	0.6897	210000
	S[10,30]	0.406	0.2569	-1.058E-7	0.5267	0.6834	210000
	S[10,31]	0.4012	0.2548	-1.088E-7	0.5211	0.6769	210000
	S[10,32]	0.3965	0.2527	-1.631E-8	0.5156	0.6711	210000
	S[10,33]	0.3919	0.2506	-9.389E-8	0.5103	0.6651	210000
	S[10,34]	0.3874	0.2486	-6.428E-8	0.5053	0.659	210000
	S[10,35]	0.383	0.2466	-7.557E-8	0.5002	0.653	210000
	S[10,36]	0.3787	0.2446	-1.196E-7	0.4952	0.6477	210000
	S[10,37]	0.3745	0.2426	-1.014E-7	0.4903	0.6421	210000
	S[10,38]	0.3703	0.2406	-2.846E-8	0.4852	0.6367	210000
	S[10,39]	0.3663	0.2387	-2.042E-10	0.4805	0.6311	210000
	S[10,40]	0.3624	0.2368	-6.991E-8	0.4757	0.6259	210000
	S[10,41]	0.3585	0.2349	-5.21E-8	0.4709	0.6207	210000
	S[10,42]	0.3547	0.233	-8.325E-4	0.4664	0.6154	210000
	S[10,43]	0.351	0.2311	-0.001495	0.4617	0.6101	210000
	S[10,44]	0.3473	0.2293	-0.001436	0.4573	0.6046	210000
	S[10,45]	0.3437	0.2274	-3.062E-4	0.4528	0.5996	210000
	S[10,46]	0.3402	0.2256	-0.001354	0.4484	0.5947	210000
	S[10,47]	0.3367	0.2238	-0.001713	0.444	0.5898	210000
	S[10,48]	0.3333	0.222	-4.875E-4	0.4397	0.585	210000
	S[10,49]	0.33	0.2202	-0.001373	0.4356	0.5801	210000
	S[10,50]	0.3267	0.2185	-1.132E-8	0.4315	0.5756	210000
	S[10,51]	0.3235	0.2167	6.094E-9	0.4274	0.5709	210000
	S[10,52]	0.3203	0.215	-2.94E-8	0.4233	0.5664	210000
	S[10,53]	0.3172	0.2133	-3.446E-11	0.4194	0.5618	210000
	S[10,54]	0.3141	0.2116	-6.04E-8	0.4155	0.5572	210000
	S[10,55]	0.3111	0.2099	-2.805E-8	0.4117	0.5529	210000
	S[10,56]	0.3081	0.2083	-4.731E-8	0.4078	0.5484	210000
	S[10,57]	0.3052	0.2066	-5.433E-9	0.4041	0.544	210000
	S[10,58]	0.3023	0.205	-4.484E-8	0.4003	0.5398	210000
	S[10,59]	0.2994	0.2034	-6.837E-9	0.3966	0.5354	210000
	S[10,60]	0.2966	0.2018	-7.784E-8	0.3929	0.5313	210000
	S[10,61]	0.2939	0.2002	-9.305E-9	0.3892	0.5275	210000
	S[10,62]	0.2912	0.1987	-4.625E-8	0.3856	0.5237	210000
	S[10,63]	0.2885	0.1971	3.847E-9	0.382	0.5198	210000
	S[10,64]	0.2858	0.1956	-9.307E-8	0.3785	0.5161	210000
	S[10,65]	0.2832	0.1941	-3.183E-8	0.375	0.5123	210000
	S[10,66]	0.2807	0.1926	-5.153E-9	0.3715	0.5087	210000
	S[10,67]	0.2781	0.1911	-4.451E-8	0.368	0.5052	210000
	S[10,68]	0.2756	0.1897	-1.677E-8	0.3646	0.5017	210000
	S[10,69]	0.2732	0.1882	-8.506E-8	0.3613	0.498	210000
	S[10,70]	0.2707	0.1868	-7.961E-8	0.358	0.4946	210000
	S[10,71]	0.2684	0.1854	-8.066E-8	0.3548	0.4911	210000
	S[10,72]	0.266	0.184	-1.114E-8	0.3516	0.4877	210000
	S[10,73]	0.2636	0.1826	-7.065E-8	0.3484	0.4844	210000
	S[10,74]	0.2613	0.1812	-5.218E-8	0.3452	0.4811	210000
	S[10,75]	0.2591	0.1799	-5.808E-8	0.3421	0.4778	210000
	S[10,76]	0.2568	0.1786	6.669E-9	0.339	0.4745	210000
	S[10,77]	0.2546	0.1772	-6.25E-8	0.3359	0.4712	210000
	S[10,78]	0.2524	0.1759	-2.042E-8	0.3329	0.4679	210000
	S[10,79]	0.2502	0.1746	-7.513E-8	0.3299	0.4648	210000
	S[10,80]	0.2481	0.1733	-7.935E-8	0.327	0.4617	210000
	S[10,81]	0.246	0.1721	-6.031E-8	0.3241	0.4586	210000
	S[10,82]	0.2439	0.1708	-1.035E-7	0.3213	0.4557	210000
	S[10,83]	0.2419	0.1696	-4.332E-9	0.3185	0.4526	210000
	S[10,84]	0.2398	0.1684	-7.35E-9	0.3157	0.4496	210000
	S[10,85]	0.2378	0.1671	8.251E-9	0.3129	0.447	210000
	S[10,86]	0.2358	0.1659	-1.716E-8	0.3101	0.4441	210000
	S[10,87]	0.2339	0.1647	-2.225E-8	0.3074	0.4412	210000
	S[10,88]	0.2319	0.1636	-1.022E-7	0.3047	0.4383	210000
	S[10,89]	0.23	0.1624	-9.004E-8	0.302	0.4355	210000
	S[10,90]	0.2281	0.1612	-7.671E-8	0.2994	0.4326	210000
	S[10,91]	0.2262	0.1601	5.845E-9	0.2968	0.4299	210000
	S[10,92]	0.2244	0.159	-3.522E-8	0.2942	0.4273	210000
	S[10,93]	0.2225	0.1579	-3.788E-8	0.2917	0.4246	210000
	S[10,94]	0.2207	0.1567	-1.561E-8	0.2892	0.422	210000
	S[10,95]	0.2189	0.1556	-3.544E-8	0.2867	0.4193	210000
	S[10,96]	0.2172	0.1546	3.485E-10	0.2843	0.4167	210000
	S[10,97]	0.2154	0.1535	-6.989E-8	0.2818	0.4141	210000
	S[10,98]	0.2137	0.1524	-6.692E-8	0.2794	0.4115	210000
	S[10,99]	0.212	0.1514	-1.191E-8	0.277	0.409	210000
	S[10,100]	0.2103	0.1503	-1.658E-8	0.2746	0.4065	210000
	S[10,101]	0.2086	0.1493	-7.342E-8	0.2722	0.404	210000
	S[10,102]	0.2069	0.1482	-1.124E-8	0.2699	0.4021	210000
	S[10,103]	0.2053	0.1472	3.568E-9	0.2676	0.3997	210000
	S[10,104]	0.2037	0.1462	-1.024E-8	0.2653	0.3973	210000
	S[10,105]	0.2021	0.1452	-3.817E-8	0.2631	0.3948	210000
	S[10,106]	0.2005	0.1442	-8.558E-8	0.2608	0.3923	210000
	S[10,107]	0.1989	0.1433	7.527E-9	0.2586	0.3901	210000
	S[10,108]	0.1973	0.1423	-2.93E-8	0.2564	0.3877	210000
	S[10,109]	0.1958	0.1413	-9.062E-8	0.2543	0.3855	210000
	S[10,110]	0.1943	0.1404	-7.045E-8	0.2522	0.3832	210000
	S[10,111]	0.1927	0.1394	-6.347E-8	0.25	0.3808	210000
	S[10,112]	0.1913	0.1385	-9.033E-8	0.2479	0.3786	210000
	S[10,113]	0.1898	0.1376	-4.378E-8	0.2458	0.3764	210000
	S[10,114]	0.1883	0.1366	-6.013E-8	0.2437	0.3741	210000
	S[10,115]	0.1869	0.1357	-6.785E-8	0.2417	0.3719	210000
	S[10,116]	0.1854	0.1348	-7.71E-9	0.2397	0.3698	210000
	S[10,117]	0.184	0.1339	-4.462E-8	0.2377	0.3677	210000
	S[10,118]	0.1826	0.133	-6.531E-8	0.2357	0.3656	210000
	S[10,119]	0.1812	0.1321	-2.386E-8	0.2337	0.3634	210000
	S[10,120]	0.1798	0.1313	-3.182E-8	0.2318	0.3612	210000
	S[11,1]	0.9162	0.2155	0.006653	0.9707	1.0	210000
	S[11,2]	0.8968	0.2136	0.006574	0.947	1.0	210000
	S[11,3]	0.8809	0.2125	0.006655	0.926	1.0	210000
	S[11,4]	0.8668	0.2119	0.006728	0.9066	1.0	210000
	S[11,5]	0.8539	0.2116	0.006707	0.8883	1.0	210000
	S[11,6]	0.8417	0.2117	0.006667	0.8708	1.0	210000
	S[11,7]	0.8303	0.212	0.006718	0.854	1.0	210000
	S[11,8]	0.8193	0.2126	0.006777	0.838	1.0	210000
	S[11,9]	0.8088	0.2134	0.006718	0.8226	1.0	210000
	S[11,10]	0.7987	0.2143	0.006717	0.8075	1.0	210000
	S[11,11]	0.7889	0.2155	0.006715	0.7925	1.0	210000
	S[11,12]	0.7795	0.2168	0.00673	0.7787	1.0	210000
	S[11,13]	0.7703	0.2182	0.007462	0.765	1.0	210000
	S[11,14]	0.7614	0.2198	0.007491	0.7517	1.0	210000
	S[11,15]	0.7528	0.2215	0.00738	0.7388	1.0	210000
	S[11,16]	0.7444	0.2233	0.007315	0.7263	1.0	210000
	S[11,17]	0.7361	0.2251	0.007523	0.7139	1.0	210000
	S[11,18]	0.7281	0.2271	0.007428	0.7017	1.0	210000
	S[11,19]	0.7203	0.2291	0.007393	0.6899	1.0	210000
	S[11,20]	0.7127	0.2312	0.007096	0.6782	1.0	210000
	S[11,21]	0.7052	0.2333	0.007083	0.6665	1.0	210000
	S[11,22]	0.698	0.2355	0.00706	0.6555	1.0	210000
	S[11,23]	0.6908	0.2378	0.007106	0.6449	1.0	210000
	S[11,24]	0.6839	0.24	0.007128	0.6345	1.0	210000
	S[11,25]	0.677	0.2423	0.007207	0.6245	0.9999	210000
	S[11,26]	0.6704	0.2446	0.007253	0.6147	0.9999	210000
	S[11,27]	0.6638	0.2469	0.007273	0.6049	0.9999	210000
	S[11,28]	0.6574	0.2493	0.007286	0.5953	0.9999	210000
	S[11,29]	0.6511	0.2516	0.007187	0.5859	0.9999	210000
	S[11,30]	0.645	0.254	0.007081	0.5765	0.9999	210000
	S[11,31]	0.639	0.2564	0.006999	0.5675	0.9999	210000
	S[11,32]	0.6331	0.2587	0.006909	0.5585	0.9999	210000
	S[11,33]	0.6273	0.2611	0.006887	0.5496	0.9999	210000
	S[11,34]	0.6216	0.2634	0.006897	0.5412	0.9999	210000
	S[11,35]	0.616	0.2658	0.006843	0.5329	0.9999	210000
	S[11,36]	0.6106	0.2681	0.006974	0.5248	0.9999	210000
	S[11,37]	0.6052	0.2704	0.006893	0.5167	0.9999	210000
	S[11,38]	0.5999	0.2727	0.006832	0.5086	0.9999	210000
	S[11,39]	0.5948	0.275	0.006841	0.5009	0.9999	210000
	S[11,40]	0.5897	0.2773	0.006836	0.4933	0.9999	210000
	S[11,41]	0.5847	0.2796	0.00682	0.4858	0.9999	210000
	S[11,42]	0.5799	0.2818	0.006752	0.4786	0.9999	210000
	S[11,43]	0.5751	0.284	0.006732	0.4714	0.9998	210000
	S[11,44]	0.5704	0.2862	0.006671	0.464	0.9998	210000
	S[11,45]	0.5658	0.2884	0.006665	0.4572	0.9998	210000
	S[11,46]	0.5612	0.2906	0.006663	0.4503	0.9998	210000
	S[11,47]	0.5568	0.2927	0.006634	0.4434	0.9998	210000
	S[11,48]	0.5524	0.2948	0.006661	0.4371	0.9998	210000
	S[11,49]	0.5481	0.2969	0.006637	0.4305	0.9998	210000
	S[11,50]	0.5439	0.299	0.006594	0.4241	0.9998	210000
	S[11,51]	0.5397	0.301	0.00659	0.4178	0.9998	210000
	S[11,52]	0.5356	0.3031	0.006603	0.4118	0.9998	210000
	S[11,53]	0.5316	0.305	0.006652	0.4056	0.9998	210000
	S[11,54]	0.5277	0.307	0.00664	0.3998	0.9998	210000
	S[11,55]	0.5238	0.309	0.006615	0.3939	0.9998	210000
	S[11,56]	0.52	0.3109	0.00664	0.3882	0.9998	210000
	S[11,57]	0.5163	0.3128	0.006637	0.3824	0.9998	210000
	S[11,58]	0.5126	0.3146	0.006635	0.3767	0.9998	210000
	S[11,59]	0.509	0.3165	0.006602	0.3713	0.9998	210000
	S[11,60]	0.5055	0.3183	0.006583	0.3659	0.9998	210000
	S[11,61]	0.502	0.3201	0.006578	0.3604	0.9997	210000
	S[11,62]	0.4985	0.3219	0.006576	0.3551	0.9997	210000
	S[11,63]	0.4952	0.3236	0.006582	0.3498	0.9997	210000
	S[11,64]	0.4918	0.3254	0.006577	0.3447	0.9997	210000
	S[11,65]	0.4886	0.3271	0.006571	0.3396	0.9997	210000
	S[11,66]	0.4854	0.3287	0.006578	0.3349	0.9997	210000
	S[11,67]	0.4822	0.3304	0.006571	0.3302	0.9997	210000
	S[11,68]	0.4791	0.332	0.006566	0.3255	0.9997	210000
	S[11,69]	0.4761	0.3336	0.006568	0.3209	0.9997	210000
	S[11,70]	0.4731	0.3352	0.006542	0.3165	0.9997	210000
	S[11,71]	0.4701	0.3367	0.006551	0.312	0.9997	210000
	S[11,72]	0.4672	0.3383	0.00654	0.3074	0.9997	210000
	S[11,73]	0.4644	0.3398	0.006524	0.3029	0.9997	210000
	S[11,74]	0.4616	0.3413	0.006512	0.2988	0.9997	210000
	S[11,75]	0.4588	0.3427	0.006508	0.2946	0.9997	210000
	S[11,76]	0.4561	0.3442	0.006498	0.2905	0.9996	210000
	S[11,77]	0.4534	0.3456	0.006501	0.2865	0.9996	210000
	S[11,78]	0.4508	0.347	0.006495	0.2823	0.9996	210000
	S[11,79]	0.4482	0.3484	0.006493	0.2787	0.9996	210000
	S[11,80]	0.4457	0.3497	0.006487	0.2748	0.9996	210000
	S[11,81]	0.4432	0.3511	0.00649	0.2707	0.9996	210000
	S[11,82]	0.4407	0.3524	0.006497	0.2669	0.9996	210000
	S[11,83]	0.4383	0.3537	0.006495	0.2631	0.9996	210000
	S[11,84]	0.4359	0.355	0.006491	0.2595	0.9996	210000
	S[11,85]	0.4335	0.3562	0.00649	0.2558	0.9996	210000
	S[11,86]	0.4312	0.3575	0.006484	0.252	0.9996	210000
	S[11,87]	0.429	0.3587	0.006475	0.2485	0.9996	210000
	S[11,88]	0.4267	0.3599	0.006467	0.2453	0.9996	210000
	S[11,89]	0.4245	0.361	0.006474	0.2419	0.9996	210000
	S[11,90]	0.4223	0.3622	0.006471	0.2385	0.9996	210000
	S[11,91]	0.4202	0.3633	0.006464	0.2351	0.9995	210000
	S[11,92]	0.4181	0.3645	0.006459	0.2318	0.9995	210000
	S[11,93]	0.416	0.3656	0.006455	0.2286	0.9995	210000
	S[11,94]	0.414	0.3667	0.006451	0.2256	0.9995	210000
	S[11,95]	0.412	0.3677	0.006448	0.2224	0.9995	210000
	S[11,96]	0.41	0.3688	0.006437	0.2192	0.9995	210000
	S[11,97]	0.4081	0.3698	0.006434	0.2162	0.9995	210000
	S[11,98]	0.4062	0.3709	0.00643	0.2132	0.9995	210000
	S[11,99]	0.4043	0.3719	0.006426	0.2104	0.9995	210000
	S[11,100]	0.4024	0.3728	0.006422	0.2076	0.9995	210000
	S[11,101]	0.4006	0.3738	0.006423	0.2047	0.9995	210000
	S[11,102]	0.3988	0.3748	0.006415	0.2019	0.9995	210000
	S[11,103]	0.397	0.3757	0.006413	0.1991	0.9995	210000
	S[11,104]	0.3953	0.3766	0.006408	0.1964	0.9995	210000
	S[11,105]	0.3936	0.3776	0.006403	0.1937	0.9995	210000
	S[11,106]	0.3919	0.3785	0.0064	0.1911	0.9995	210000
	S[11,107]	0.3902	0.3793	0.006398	0.1884	0.9994	210000
	S[11,108]	0.3886	0.3802	0.00639	0.1859	0.9994	210000
	S[11,109]	0.387	0.3811	0.006407	0.1834	0.9994	210000
	S[11,110]	0.3854	0.3819	0.006399	0.1808	0.9994	210000
	S[11,111]	0.3838	0.3827	0.006393	0.1784	0.9994	210000
	S[11,112]	0.3823	0.3835	0.006386	0.176	0.9994	210000
	S[11,113]	0.3807	0.3843	0.00638	0.1736	0.9994	210000
	S[11,114]	0.3792	0.3851	0.006379	0.1712	0.9994	210000
	S[11,115]	0.3778	0.3859	0.006376	0.1688	0.9994	210000
	S[11,116]	0.3763	0.3867	0.006373	0.1666	0.9994	210000
	S[11,117]	0.3749	0.3874	0.006369	0.1643	0.9994	210000
	S[11,118]	0.3735	0.3881	0.006367	0.1621	0.9994	210000
	S[11,119]	0.3721	0.3889	0.006366	0.16	0.9994	210000
	S[11,120]	0.3707	0.3896	0.006363	0.1578	0.9994	210000
	S[12,1]	0.7139	0.3973	-1.277E-7	0.9334	0.9987	210000
	S[12,2]	0.6883	0.3881	-1.345E-9	0.8975	0.9964	210000
	S[12,3]	0.669	0.3805	-5.866E-8	0.8697	0.9903	210000
	S[12,4]	0.6523	0.3735	-3.156E-8	0.8474	0.9787	210000
	S[12,5]	0.637	0.367	-7.902E-8	0.8267	0.965	210000
	S[12,6]	0.6227	0.3607	8.773E-9	0.8076	0.9511	210000
	S[12,7]	0.6091	0.3546	-8.098E-8	0.7897	0.9362	210000
	S[12,8]	0.5961	0.3488	-2.205E-8	0.7723	0.9231	210000
	S[12,9]	0.5835	0.3433	-4.139E-8	0.7556	0.9107	210000
	S[12,10]	0.5714	0.338	-9.158E-9	0.7386	0.8979	210000
	S[12,11]	0.5597	0.3329	-1.055E-7	0.7232	0.885	210000
	S[12,12]	0.5484	0.3281	-4.742E-8	0.7089	0.8733	210000
	S[12,13]	0.5375	0.3236	-1.466E-8	0.6944	0.863	210000
	S[12,14]	0.5269	0.3192	-8.882E-8	0.6809	0.8499	210000
	S[12,15]	0.5166	0.3151	-1.117E-7	0.6686	0.841	210000
	S[12,16]	0.5067	0.3111	-5.094E-8	0.6556	0.8305	210000
	S[12,17]	0.4972	0.3073	-7.776E-8	0.6437	0.8207	210000
	S[12,18]	0.4879	0.3037	-2.7E-8	0.6325	0.8118	210000
	S[12,19]	0.4789	0.3001	-4.809E-8	0.6213	0.8038	210000
	S[12,20]	0.4703	0.2967	-6.675E-8	0.6099	0.7949	210000
	S[12,21]	0.4619	0.2933	-1.049E-7	0.5987	0.7869	210000
	S[12,22]	0.4537	0.2901	-5.575E-8	0.5884	0.7797	210000
	S[12,23]	0.4458	0.2868	-4.689E-8	0.5781	0.7716	210000
	S[12,24]	0.4382	0.2837	-5.374E-9	0.5683	0.7634	210000
	S[12,25]	0.4308	0.2805	-1.38E-8	0.5584	0.7558	210000
	S[12,26]	0.4236	0.2774	-7.891E-8	0.549	0.7474	210000
	S[12,27]	0.4166	0.2744	-5.33E-8	0.5397	0.7403	210000
	S[12,28]	0.4098	0.2714	-1.651E-8	0.5305	0.7326	210000
	S[12,29]	0.4032	0.2684	-4.73E-8	0.5218	0.7253	210000
	S[12,30]	0.3968	0.2654	-7.659E-8	0.5131	0.7182	210000
	S[12,31]	0.3905	0.2625	-1.125E-7	0.5046	0.7103	210000
	S[12,32]	0.3844	0.2596	-3.388E-8	0.4962	0.7038	210000
	S[12,33]	0.3785	0.2567	-7.42E-8	0.4881	0.6975	210000
	S[12,34]	0.3727	0.2539	5.379E-9	0.48	0.6905	210000
	S[12,35]	0.367	0.2511	-9.775E-8	0.4723	0.6836	210000
	S[12,36]	0.3615	0.2483	1.686E-9	0.4644	0.6767	210000
	S[12,37]	0.3561	0.2456	-1.162E-8	0.4567	0.6706	210000
	S[12,38]	0.3508	0.2429	-2.757E-8	0.4492	0.6644	210000
	S[12,39]	0.3456	0.2402	-1.025E-7	0.4419	0.6577	210000
	S[12,40]	0.3406	0.2376	-1.932E-8	0.4348	0.6519	210000
	S[12,41]	0.3356	0.235	-1.867E-8	0.4276	0.6465	210000
	S[12,42]	0.3308	0.2325	-4.814E-8	0.4208	0.6407	210000
	S[12,43]	0.326	0.23	-7.393E-8	0.4141	0.6351	210000
	S[12,44]	0.3214	0.2275	-5.253E-8	0.4073	0.6294	210000
	S[12,45]	0.3169	0.2251	7.019E-9	0.4007	0.6239	210000
	S[12,46]	0.3124	0.2228	-6.613E-8	0.3943	0.6188	210000
	S[12,47]	0.3081	0.2204	-0.002094	0.3878	0.6139	210000
	S[12,48]	0.3038	0.2181	-0.001469	0.3815	0.6086	210000
	S[12,49]	0.2996	0.2159	-0.002048	0.3752	0.6039	210000
	S[12,50]	0.2955	0.2137	-0.001857	0.3692	0.5988	210000
	S[12,51]	0.2914	0.2115	-6.003E-4	0.3631	0.5936	210000
	S[12,52]	0.2875	0.2094	-3.745E-8	0.3572	0.5887	210000
	S[12,53]	0.2836	0.2073	-3.71E-8	0.3514	0.584	210000
	S[12,54]	0.2798	0.2052	-9.589E-9	0.3456	0.5792	210000
	S[12,55]	0.2761	0.2032	-7.915E-8	0.34	0.5748	210000
	S[12,56]	0.2724	0.2012	-1.795E-8	0.3346	0.5703	210000
	S[12,57]	0.2688	0.1993	-6.796E-8	0.3293	0.5659	210000
	S[12,58]	0.2653	0.1973	-9.406E-9	0.324	0.5617	210000
	S[12,59]	0.2618	0.1955	-4.46E-8	0.3187	0.5573	210000
	S[12,60]	0.2584	0.1936	-2.593E-8	0.3135	0.5531	210000
	S[12,61]	0.2551	0.1918	-8.915E-8	0.3085	0.5491	210000
	S[12,62]	0.2518	0.19	-7.089E-8	0.3035	0.545	210000
	S[12,63]	0.2485	0.1882	-5.149E-8	0.2987	0.5408	210000
	S[12,64]	0.2454	0.1865	-4.083E-8	0.2938	0.5369	210000
	S[12,65]	0.2423	0.1848	-8.86E-9	0.2892	0.5329	210000
	S[12,66]	0.2392	0.1831	-8.644E-8	0.2845	0.5293	210000
	S[12,67]	0.2362	0.1815	-3.078E-8	0.2799	0.5254	210000
	S[12,68]	0.2332	0.1799	2.867E-9	0.2754	0.5217	210000
	S[12,69]	0.2303	0.1783	-2.223E-8	0.271	0.5182	210000
	S[12,70]	0.2275	0.1767	-5.259E-8	0.2666	0.5147	210000
	S[12,71]	0.2247	0.1752	-2.22E-8	0.2623	0.5111	210000
	S[12,72]	0.2219	0.1737	-1.54E-8	0.2581	0.5076	210000
	S[12,73]	0.2192	0.1722	-7.861E-8	0.2539	0.5041	210000
	S[12,74]	0.2165	0.1707	-9.44E-8	0.2499	0.5008	210000
	S[12,75]	0.2139	0.1693	-8.446E-8	0.2461	0.4973	210000
	S[12,76]	0.2113	0.1678	-6.876E-8	0.2421	0.494	210000
	S[12,77]	0.2088	0.1664	-6.62E-8	0.2382	0.4908	210000
	S[12,78]	0.2063	0.165	-9.283E-8	0.2343	0.4878	210000
	S[12,79]	0.2038	0.1637	-6.617E-8	0.2305	0.4844	210000
	S[12,80]	0.2014	0.1623	-8.587E-8	0.2269	0.4813	210000
	S[12,81]	0.199	0.161	-4.421E-8	0.2231	0.478	210000
	S[12,82]	0.1967	0.1597	-6.684E-8	0.2195	0.475	210000
	S[12,83]	0.1944	0.1584	-8.841E-8	0.216	0.472	210000
	S[12,84]	0.1921	0.1571	5.287E-9	0.2126	0.4688	210000
	S[12,85]	0.1899	0.1559	-9.555E-9	0.2093	0.4658	210000
	S[12,86]	0.1877	0.1546	-1.931E-9	0.2059	0.4629	210000
	S[12,87]	0.1855	0.1534	-3.725E-8	0.2027	0.4598	210000
	S[12,88]	0.1834	0.1522	-3.12E-8	0.1994	0.4568	210000
	S[12,89]	0.1813	0.151	-6.649E-8	0.1962	0.4542	210000
	S[12,90]	0.1792	0.1499	3.908E-9	0.193	0.451	210000
	S[12,91]	0.1772	0.1487	4.461E-9	0.1899	0.4484	210000
	S[12,92]	0.1751	0.1476	-2.282E-8	0.1868	0.4456	210000
	S[12,93]	0.1732	0.1464	-3.629E-8	0.1838	0.443	210000
	S[12,94]	0.1712	0.1453	-2.96E-8	0.1811	0.4404	210000
	S[12,95]	0.1693	0.1442	-8.666E-8	0.1782	0.4378	210000
	S[12,96]	0.1674	0.1431	-3.164E-8	0.1752	0.435	210000
	S[12,97]	0.1656	0.1421	-2.364E-8	0.1724	0.4327	210000
	S[12,98]	0.1637	0.141	-1.167E-8	0.1697	0.4302	210000
	S[12,99]	0.1619	0.14	-2.1E-8	0.167	0.4276	210000
	S[12,100]	0.1601	0.1389	-3.245E-8	0.1644	0.425	210000
	S[12,101]	0.1584	0.1379	-4.015E-8	0.1617	0.4224	210000
	S[12,102]	0.1567	0.1369	-8.172E-8	0.1591	0.4201	210000
	S[12,103]	0.155	0.1359	-8.225E-8	0.1566	0.4175	210000
	S[12,104]	0.1533	0.1349	-2.352E-9	0.1541	0.4152	210000
	S[12,105]	0.1516	0.1339	-7.786E-8	0.1516	0.4129	210000
	S[12,106]	0.15	0.133	-6.595E-8	0.1492	0.4106	210000
	S[12,107]	0.1484	0.132	5.142E-9	0.1469	0.4082	210000
	S[12,108]	0.1468	0.1311	-4.244E-10	0.1445	0.406	210000
	S[12,109]	0.1452	0.1301	-5.49E-8	0.1422	0.4038	210000
	S[12,110]	0.1437	0.1292	-6.452E-8	0.1399	0.4016	210000
	S[12,111]	0.1422	0.1283	-4.234E-8	0.1377	0.3991	210000
	S[12,112]	0.1407	0.1274	-8.314E-8	0.1355	0.397	210000
	S[12,113]	0.1392	0.1265	3.897E-9	0.1333	0.3949	210000
	S[12,114]	0.1377	0.1256	-3.811E-8	0.1311	0.3927	210000
	S[12,115]	0.1363	0.1248	-3.815E-8	0.1291	0.3903	210000
	S[12,116]	0.1349	0.1239	-6.071E-8	0.1271	0.3881	210000
	S[12,117]	0.1335	0.1231	-7.808E-8	0.1251	0.3855	210000
	S[12,118]	0.1321	0.1222	-6.473E-9	0.1231	0.3838	210000
	S[12,119]	0.1307	0.1214	-2.991E-8	0.1211	0.3816	210000
	S[12,120]	0.1294	0.1205	-7.462E-8	0.1192	0.3795	210000
	S[13,1]	0.7532	0.329	0.00125	0.9194	0.9971	210000
	S[13,2]	0.7204	0.323	0.001211	0.8738	0.9899	210000
	S[13,3]	0.6956	0.3158	0.001203	0.8377	0.9796	210000
	S[13,4]	0.674	0.3084	0.001197	0.8065	0.9676	210000
	S[13,5]	0.654	0.301	0.001194	0.7786	0.9551	210000
	S[13,6]	0.6352	0.2937	0.001193	0.7513	0.9424	210000
	S[13,7]	0.6174	0.2866	0.001192	0.7268	0.9298	210000
	S[13,8]	0.6003	0.2798	0.001191	0.7041	0.9185	210000
	S[13,9]	0.5839	0.2732	0.001191	0.6825	0.9068	210000
	S[13,10]	0.568	0.267	0.00119	0.6601	0.8926	210000
	S[13,11]	0.5528	0.2611	0.00119	0.6374	0.8809	210000
	S[13,12]	0.5381	0.2555	0.001188	0.6167	0.8717	210000
	S[13,13]	0.5239	0.2504	0.001188	0.5958	0.8617	210000
	S[13,14]	0.5102	0.2456	0.001187	0.5767	0.8507	210000
	S[13,15]	0.4969	0.2412	0.001186	0.5578	0.8402	210000
	S[13,16]	0.4841	0.2372	0.001186	0.5397	0.8347	210000
	S[13,17]	0.4718	0.2335	0.001186	0.5221	0.8204	210000
	S[13,18]	0.4599	0.2303	0.001186	0.5042	0.8185	210000
	S[13,19]	0.4484	0.2273	0.001185	0.4866	0.8045	210000
	S[13,20]	0.4373	0.2247	0.001183	0.4705	0.8033	210000
	S[13,21]	0.4265	0.2223	0.001183	0.4546	0.8058	210000
	S[13,22]	0.4162	0.2203	0.001181	0.4394	0.798	210000
	S[13,23]	0.4062	0.2185	0.001181	0.4251	0.7871	210000
	S[13,24]	0.3966	0.217	0.001181	0.4109	0.7764	210000
	S[13,25]	0.3872	0.2157	0.001181	0.398	0.7783	210000
	S[13,26]	0.3783	0.2146	0.001181	0.3839	0.7684	210000
	S[13,27]	0.3696	0.2138	0.00118	0.3725	0.7664	210000
	S[13,28]	0.3613	0.213	0.00118	0.3607	0.758	210000
	S[13,29]	0.3532	0.2125	0.001179	0.3474	0.7544	210000
	S[13,30]	0.3454	0.212	0.00118	0.3359	0.7502	210000
	S[13,31]	0.3379	0.2117	0.00118	0.3253	0.7561	210000
	S[13,32]	0.3307	0.2115	0.00118	0.316	0.7486	210000
	S[13,33]	0.3237	0.2114	0.001179	0.3068	0.7327	210000
	S[13,34]	0.3169	0.2114	0.001178	0.2972	0.7376	210000
	S[13,35]	0.3104	0.2115	0.001176	0.2876	0.7448	210000
	S[13,36]	0.3041	0.2116	0.001176	0.2784	0.7439	210000
	S[13,37]	0.2981	0.2118	0.001175	0.2693	0.756	210000
	S[13,38]	0.2922	0.212	0.001174	0.2603	0.7452	210000
	S[13,39]	0.2866	0.2123	0.001173	0.2522	0.7553	210000
	S[13,40]	0.2811	0.2126	0.001173	0.2449	0.7586	210000
	S[13,41]	0.2759	0.2129	0.001172	0.2372	0.7391	210000
	S[13,42]	0.2708	0.2133	0.001172	0.23	0.7391	210000
	S[13,43]	0.2659	0.2136	0.001171	0.2232	0.7364	210000
	S[13,44]	0.2611	0.214	0.001171	0.216	0.7261	210000
	S[13,45]	0.2565	0.2144	0.001171	0.2091	0.737	210000
	S[13,46]	0.2521	0.2148	0.001171	0.203	0.7348	210000
	S[13,47]	0.2478	0.2152	0.00117	0.1971	0.736	210000
	S[13,48]	0.2437	0.2156	0.001169	0.1909	0.7223	210000
	S[13,49]	0.2397	0.216	0.001168	0.1857	0.7179	210000
	S[13,50]	0.2358	0.2164	0.001167	0.1802	0.7298	210000
	S[13,51]	0.2321	0.2168	0.001163	0.175	0.7456	210000
	S[13,52]	0.2285	0.2171	0.001162	0.1703	0.7441	210000
	S[13,53]	0.225	0.2175	0.00116	0.1653	0.7379	210000
	S[13,54]	0.2216	0.2179	0.001157	0.1606	0.7323	210000
	S[13,55]	0.2183	0.2183	0.00115	0.1556	0.7289	210000
	S[13,56]	0.2152	0.2186	0.001144	0.1509	0.7269	210000
	S[13,57]	0.2121	0.219	0.001141	0.1467	0.7165	210000
	S[13,58]	0.2091	0.2193	0.001136	0.1423	0.7262	210000
	S[13,59]	0.2062	0.2197	0.00113	0.1381	0.7215	210000
	S[13,60]	0.2035	0.22	0.001123	0.1344	0.7265	210000
	S[13,61]	0.2008	0.2203	0.001116	0.1303	0.7209	210000
	S[13,62]	0.1981	0.2206	0.001108	0.1265	0.7334	210000
	S[13,63]	0.1956	0.2209	0.001102	0.1229	0.7243	210000
	S[13,64]	0.1932	0.2212	0.001093	0.1193	0.7277	210000
	S[13,65]	0.1908	0.2214	0.001087	0.1159	0.7315	210000
	S[13,66]	0.1885	0.2217	0.001077	0.1126	0.7233	210000
	S[13,67]	0.1862	0.2219	0.001063	0.1092	0.7322	210000
	S[13,68]	0.1841	0.2222	0.001052	0.1061	0.7422	210000
	S[13,69]	0.182	0.2224	0.001042	0.1031	0.7541	210000
	S[13,70]	0.1799	0.2226	0.001027	0.1001	0.738	210000
	S[13,71]	0.1779	0.2229	0.001017	0.09695	0.7373	210000
	S[13,72]	0.176	0.2231	9.973E-4	0.09427	0.7421	210000
	S[13,73]	0.1741	0.2233	9.85E-4	0.09178	0.7426	210000
	S[13,74]	0.1723	0.2234	6.87E-4	0.08909	0.7568	210000
	S[13,75]	0.1705	0.2236	1.807E-4	0.08662	0.749	210000
	S[13,76]	0.1688	0.2238	-1.447E-4	0.084	0.721	210000
	S[13,77]	0.1672	0.224	2.379E-4	0.08165	0.7192	210000
	S[13,78]	0.1656	0.2241	2.305E-4	0.07925	0.7134	210000
	S[13,79]	0.164	0.2243	2.083E-4	0.07693	0.7131	210000
	S[13,80]	0.1625	0.2244	2.389E-4	0.07474	0.7076	210000
	S[13,81]	0.161	0.2245	2.261E-4	0.07267	0.7043	210000
	S[13,82]	0.1595	0.2246	2.165E-4	0.07059	0.7021	210000
	S[13,83]	0.1581	0.2248	2.122E-4	0.06842	0.728	210000
	S[13,84]	0.1567	0.2249	2.109E-4	0.06646	0.7374	210000
	S[13,85]	0.1554	0.225	2.025E-4	0.06456	0.7404	210000
	S[13,86]	0.1541	0.2251	1.938E-4	0.06283	0.7296	210000
	S[13,87]	0.1529	0.2252	1.884E-4	0.06097	0.7144	210000
	S[13,88]	0.1516	0.2253	1.838E-4	0.05915	0.7216	210000
	S[13,89]	0.1504	0.2253	1.781E-4	0.05753	0.7196	210000
	S[13,90]	0.1493	0.2254	1.738E-4	0.05585	0.7167	210000
	S[13,91]	0.1481	0.2255	1.674E-4	0.05419	0.7239	210000
	S[13,92]	0.147	0.2255	1.591E-4	0.05264	0.7232	210000
	S[13,93]	0.146	0.2256	1.56E-4	0.05112	0.7056	210000
	S[13,94]	0.1449	0.2256	1.486E-4	0.04962	0.6974	210000
	S[13,95]	0.1439	0.2257	1.446E-4	0.04816	0.7059	210000
	S[13,96]	0.1429	0.2257	1.426E-4	0.04678	0.7117	210000
	S[13,97]	0.1419	0.2258	1.376E-4	0.04546	0.7041	210000
	S[13,98]	0.141	0.2258	1.057E-4	0.04415	0.7296	210000
	S[13,99]	0.14	0.2258	5.675E-5	0.04285	0.7004	210000
	S[13,100]	0.1391	0.2259	1.292E-4	0.04152	0.7383	210000
	S[13,101]	0.1383	0.2259	1.166E-4	0.04033	0.7298	210000
	S[13,102]	0.1374	0.2259	1.103E-4	0.03912	0.7225	210000
	S[13,103]	0.1366	0.2259	-0.001022	0.03789	0.7426	210000
	S[13,104]	0.1357	0.2259	3.895E-5	0.03679	0.7423	210000
	S[13,105]	0.1349	0.2259	1.024E-4	0.03567	0.7152	210000
	S[13,106]	0.1342	0.2259	9.278E-5	0.03429	0.7252	210000
	S[13,107]	0.1334	0.2259	-1.717E-4	0.03326	0.7013	210000
	S[13,108]	0.1326	0.2259	8.847E-5	0.03232	0.7155	210000
	S[13,109]	0.1319	0.2259	-1.007E-4	0.03138	0.7247	210000
	S[13,110]	0.1312	0.2259	-4.421E-4	0.03047	0.7473	210000
	S[13,111]	0.1305	0.2259	-4.025E-4	0.02961	0.7293	210000
	S[13,112]	0.1298	0.2259	-6.895E-4	0.02872	0.7246	210000
	S[13,113]	0.1292	0.2259	-8.062E-4	0.02788	0.7285	210000
	S[13,114]	0.1285	0.2259	-8.722E-4	0.02711	0.7383	210000
	S[13,115]	0.1279	0.2258	-4.666E-5	0.02622	0.7517	210000
	S[13,116]	0.1272	0.2258	-1.618E-4	0.02536	0.7041	210000
	S[13,117]	0.1266	0.2258	-3.709E-5	0.02451	0.7168	210000
	S[13,118]	0.126	0.2258	-3.844E-4	0.02343	0.7163	210000
	S[13,119]	0.1255	0.2257	-3.327E-4	0.02235	0.7049	210000
	S[13,120]	0.1249	0.2257	-2.873E-4	0.02159	0.7174	210000
	rk60[1,1]	0.3786	0.485	-0.002203	0.9899	1.002	210000
	rk60[1,2]	0.3404	0.4739	-0.002215	0.9849	1.002	210000
	rk60[1,3]	0.138	0.3449	-0.002182	-7.972E-14	1.001	210000
	rk60[1,4]	0.08095	0.2728	-0.002184	9.382E-14	0.9998	210000
	rk60[1,5]	0.1185	0.3232	-0.002183	-1.716E-8	1.001	210000
	rk60[1,6]	0.157	0.3638	-0.002183	-1.495E-13	1.002	210000
	rk60[1,7]	0.1252	0.331	-0.002183	-1.382E-13	1.0	210000
	rk60[1,8]	0.06999	0.2551	-0.002184	1.636E-8	0.9998	210000
	rk60[1,9]	0.03711	0.189	-0.002183	-1.159E-13	0.9923	210000
	rk60[1,10]	0.02065	0.1422	-0.002182	1.575E-8	0.001551	210000
	rk60[1,11]	0.01037	0.1013	-0.002185	-1.567E-8	0.002012	210000
	rk60[1,12]	0.002757	0.05244	-0.002184	-1.562E-8	0.002518	210000
	rk60[1,13]	0.0	1.0E-15	-0.002186	-1.56E-8	0.002186	210000
	rk60[2,1]	0.0752	0.2637	-0.002183	1.627E-8	0.9986	210000
	rk60[2,2]	0.1319	0.3383	-0.002184	-1.072E-13	1.001	210000
	rk60[2,3]	0.2399	0.427	-0.002183	3.028E-8	1.002	210000
	rk60[2,4]	0.3152	0.4646	-0.002188	0.9231	1.002	210000
	rk60[2,5]	0.2692	0.4436	-0.002184	4.437E-8	1.002	210000
	rk60[2,6]	0.1781	0.3826	-0.002184	6.124E-14	1.002	210000
	rk60[2,7]	0.1195	0.3244	-0.002183	-1.719E-8	1.001	210000
	rk60[2,8]	0.07788	0.268	-0.002183	2.42E-15	1.0	210000
	rk60[2,9]	0.04314	0.2032	-0.002184	-1.175E-13	0.9938	210000
	rk60[2,10]	0.02179	0.146	-0.002184	1.577E-8	0.001567	210000
	rk60[2,11]	0.01051	0.102	-0.002185	-1.568E-8	0.00203	210000
	rk60[2,12]	0.002781	0.05266	-0.002184	-1.562E-8	0.00252	210000
	rk60[2,13]	0.0	1.0E-15	-0.002186	-1.56E-8	0.002186	210000
	rk60[3,1]	0.05974	0.237	-0.002183	-2.893E-18	0.9947	210000
	rk60[3,2]	0.06063	0.2386	-0.002183	-2.135E-19	0.9941	210000
	rk60[3,3]	0.06677	0.2496	-0.002183	1.614E-8	0.998	210000
	rk60[3,4]	0.1005	0.3007	-0.002184	-1.675E-8	1.0	210000
	rk60[3,5]	0.1674	0.3733	-0.002185	-1.627E-8	1.002	210000
	rk60[3,6]	0.2448	0.43	-0.002185	2.778E-10	1.002	210000
	rk60[3,7]	0.2896	0.4536	-0.002183	-1.901E-8	1.002	210000
	rk60[3,8]	0.2677	0.4428	-0.002183	2.308E-9	1.002	210000
	rk60[3,9]	0.1419	0.349	-0.003038	-1.788E-8	1.0	210000
	rk60[3,10]	0.0503	0.2186	-0.002191	-1.211E-13	0.9999	210000
	rk60[3,11]	0.01829	0.134	-0.002182	-1.581E-8	0.002325	210000
	rk60[3,12]	0.004781	0.06898	-0.002185	1.565E-8	0.002639	210000
	rk60[3,13]	1.095E-4	0.01046	-0.002186	-1.56E-8	0.002187	210000
	rk60[4,1]	0.07279	0.2598	-0.002183	-1.631E-8	0.9999	210000
	rk60[4,2]	0.09085	0.2874	-0.002184	1.661E-8	1.0	210000
	rk60[4,3]	0.1436	0.3507	-0.002184	1.166E-13	1.001	210000
	rk60[4,4]	0.2185	0.4132	-0.002185	7.674E-8	1.0	210000
	rk60[4,5]	0.2637	0.4406	-0.002167	-1.016E-8	1.002	210000
	rk60[4,6]	0.1866	0.3896	-0.002183	5.065E-11	1.002	210000
	rk60[4,7]	0.1442	0.3513	-0.002183	-1.772E-8	1.001	210000
	rk60[4,8]	0.1447	0.3518	-0.002182	-1.792E-8	1.0	210000
	rk60[4,9]	0.1078	0.3101	-0.002183	1.959E-14	1.0	210000
	rk60[4,10]	0.04044	0.197	-0.002183	1.61E-8	0.4482	210000
	rk60[4,11]	0.01316	0.1139	-0.002185	-1.572E-8	0.001995	210000
	rk60[4,12]	0.003019	0.05486	-0.002184	-1.562E-8	0.002514	210000
	rk60[4,13]	0.0	1.0E-15	-0.002186	-1.56E-8	0.002186	210000
	rk60[5,1]	0.0195	0.1383	-0.00219	1.574E-8	0.9843	210000
	rk60[5,2]	0.02038	0.1413	-0.002185	-1.575E-8	0.9855	210000
	rk60[5,3]	0.02378	0.1524	-0.002185	-1.581E-8	0.9892	210000
	rk60[5,4]	0.03762	0.1903	-0.002186	1.177E-13	0.9984	210000
	rk60[5,5]	0.07092	0.2567	-0.002183	9.93E-15	1.0	210000
	rk60[5,6]	0.129	0.3352	-0.001085	1.521E-12	1.0	210000
	rk60[5,7]	0.1613	0.3678	-0.002184	1.839E-8	1.002	210000
	rk60[5,8]	0.1804	0.3845	-0.002186	8.674E-12	1.002	210000
	rk60[5,9]	0.1697	0.3754	-0.002184	2.139E-9	1.0	210000
	rk60[5,10]	0.1292	0.3354	-0.002182	1.776E-8	1.0	210000
	rk60[5,11]	0.1624	0.3688	-0.002182	-1.867E-8	1.0	210000
	rk60[5,12]	0.06865	0.2529	-0.002183	-1.68E-8	0.3105	210000
	rk60[5,13]	0.003181	0.05631	-0.002186	-1.564E-8	0.002167	210000
	rk60[6,1]	0.1262	0.3321	-0.002102	-1.762E-8	1.0	210000
	rk60[6,2]	0.2334	0.423	-0.002183	1.131E-8	1.0	210000
	rk60[6,3]	0.2393	0.4266	-0.002184	-3.271E-9	1.002	210000
	rk60[6,4]	0.129	0.3352	-0.002183	-1.768E-8	1.0	210000
	rk60[6,5]	0.05486	0.2277	-0.002186	1.461E-12	0.6327	210000
	rk60[6,6]	0.03198	0.1759	-0.002184	-2.534E-18	0.2496	210000
	rk60[6,7]	0.02899	0.1678	-0.002183	1.154E-13	0.1891	210000
	rk60[6,8]	0.03768	0.1904	-0.002183	1.174E-13	0.4437	210000
	rk60[6,9]	0.09694	0.2959	-0.002185	-1.709E-8	1.0	210000
	rk60[6,10]	0.1572	0.364	-0.002183	1.849E-8	1.0	210000
	rk60[6,11]	0.06246	0.242	-0.002185	-1.657E-8	0.4721	210000
	rk60[6,12]	0.007057	0.08371	-0.002184	-1.569E-8	0.002667	210000
	rk60[6,13]	0.0	1.0E-15	-0.002186	-1.56E-8	0.002186	210000
	rk60[7,1]	0.01141	0.1062	-0.002186	-1.571E-8	0.002254	210000
	rk60[7,2]	0.01511	0.122	-0.002183	-1.578E-8	0.002216	210000
	rk60[7,3]	0.03044	0.1718	-0.00219	-1.603E-8	0.9982	210000
	rk60[7,4]	0.05734	0.2325	-0.00219	-1.647E-8	1.0	210000
	rk60[7,5]	0.08747	0.2825	-0.002184	2.119E-14	1.0	210000
	rk60[7,6]	0.1148	0.3188	-0.002182	-1.287E-13	1.0	210000
	rk60[7,7]	0.13	0.3363	-0.002183	-1.783E-8	1.0	210000
	rk60[7,8]	0.1348	0.3415	-0.002184	5.375E-8	1.0	210000
	rk60[7,9]	0.1189	0.3237	-0.002184	8.536E-10	1.0	210000
	rk60[7,10]	0.0717	0.258	-0.002186	-1.673E-8	1.0	210000
	rk60[7,11]	0.08754	0.2826	-0.002185	1.707E-8	1.0	210000
	rk60[7,12]	0.2045	0.4033	-0.002188	-1.979E-8	1.0	210000
	rk60[7,13]	0.01216	0.1096	-0.002186	-1.571E-8	0.002068	210000
	rk60[8,1]	0.3149	0.4645	-0.002184	-2.215E-8	1.002	210000
	rk60[8,2]	0.2526	0.4345	-0.002183	-1.698E-8	1.002	210000
	rk60[8,3]	0.2371	0.4253	-0.002185	-1.885E-8	1.001	210000
	rk60[8,4]	0.0943	0.2922	-0.002183	1.658E-8	0.9999	210000
	rk60[8,5]	0.1096	0.3124	-0.002184	7.209E-14	1.0	210000
	rk60[8,6]	0.1397	0.3467	-0.002183	-1.347E-13	1.001	210000
	rk60[8,7]	0.1709	0.3764	-0.002183	-1.404E-13	1.001	210000
	rk60[8,8]	0.1943	0.3957	-0.002183	-1.605E-13	1.002	210000
	rk60[8,9]	0.2792	0.4486	-0.002184	1.52E-7	1.0	210000
	rk60[8,10]	0.03654	0.1876	-0.002184	-1.601E-8	0.9967	210000
	rk60[8,11]	0.0104	0.1014	-0.002185	-1.567E-8	0.002013	210000
	rk60[8,12]	0.002757	0.05244	-0.002184	-1.562E-8	0.002518	210000
	rk60[8,13]	0.0	1.0E-15	-0.002186	-1.56E-8	0.002186	210000
	rk60[9,1]	0.0	1.0E-15	-0.002186	-1.56E-8	0.002186	210000
	rk60[9,2]	0.0	1.0E-15	-0.002186	-1.56E-8	0.002186	210000
	rk60[9,3]	2.857E-5	0.005345	-0.002186	1.56E-8	0.002182	210000
	rk60[9,4]	0.1288	0.335	-0.002184	-1.849E-8	0.05595	210000
	rk60[9,5]	0.0329	0.1784	-0.002186	1.62E-8	0.01095	210000
	rk60[9,6]	0.01961	0.1387	-0.002182	1.594E-8	0.004723	210000
	rk60[9,7]	0.02205	0.1468	-0.002185	-1.599E-8	0.005966	210000
	rk60[9,8]	0.02563	0.158	-0.002184	1.603E-8	0.009063	210000
	rk60[9,9]	0.02307	0.1501	-0.002185	1.596E-8	0.006357	210000
	rk60[9,10]	0.1228	0.3282	-0.002183	1.685E-7	1.0	210000
	rk60[9,11]	0.2878	0.4527	-1.106E-8	-1.085E-8	1.002	210000
	rk60[9,12]	0.2581	0.4376	-0.00218	5.987E-9	1.0	210000
	rk60[9,13]	0.07917	0.27	-0.002186	-1.659E-8	1.0	210000
	rk60[10,1]	0.2276	0.4193	-0.002182	-2.017E-8	1.001	210000
	rk60[10,2]	0.2312	0.4216	-0.002182	-2.027E-8	1.001	210000
	rk60[10,3]	0.2998	0.4582	-0.002184	-2.234E-8	1.002	210000
	rk60[10,4]	0.08043	0.272	-0.002183	-1.633E-8	0.9992	210000
	rk60[10,5]	0.06491	0.2464	-0.002183	-2.93E-18	0.9949	210000
	rk60[10,6]	0.06214	0.2414	-0.002183	-1.818E-18	0.9952	210000
	rk60[10,7]	0.05946	0.2365	-0.002183	-2.894E-18	0.9936	210000
	rk60[10,8]	0.0505	0.219	-0.002185	-1.597E-8	0.9944	210000
	rk60[10,9]	0.0373	0.1895	-0.002184	2.435E-18	0.9931	210000
	rk60[10,10]	0.03657	0.1877	-0.002184	1.6E-8	0.299	210000
	rk60[10,11]	0.05904	0.2357	-0.002184	1.648E-8	0.5439	210000
	rk60[10,12]	0.2126	0.4091	-0.002184	1.123E-11	1.0	210000
	rk60[10,13]	0.4054	0.491	-0.002276	1.46E-7	1.002	210000
	rk60[11,1]	0.03953	0.1948	-0.002186	-1.59E-8	0.2084	210000
	rk60[11,2]	0.03953	0.1949	-0.002186	1.59E-8	0.2085	210000
	rk60[11,3]	0.03968	0.1952	-0.002186	-1.59E-8	0.2103	210000
	rk60[11,4]	0.03992	0.1958	-0.002186	1.591E-8	0.2134	210000
	rk60[11,5]	0.0406	0.1974	-0.002185	-1.592E-8	0.3671	210000
	rk60[11,6]	0.04255	0.2018	-0.002185	-1.595E-8	0.1878	210000
	rk60[11,7]	0.04766	0.213	-0.002189	-1.603E-8	0.3183	210000
	rk60[11,8]	0.05691	0.2317	-0.002217	2.4E-18	0.1665	210000
	rk60[11,9]	0.08167	0.2739	-0.002183	-9.718E-14	1.0	210000
	rk60[11,10]	0.3066	0.4611	-0.002183	-1.621E-8	1.002	210000
	rk60[11,11]	0.2131	0.4095	-0.002186	3.933E-8	1.0	210000
	rk60[11,12]	0.08449	0.2781	-0.002184	-1.696E-8	1.0	210000
	rk60[11,13]	0.3001	0.4583	-0.002184	-1.893E-8	1.0	210000
	rk60[12,1]	0.2489	0.4323	-0.002183	-1.992E-8	1.002	210000
	rk60[12,2]	0.3057	0.4607	-0.002183	-2.227E-8	1.002	210000
	rk60[12,3]	0.2366	0.425	-0.002183	2.011E-10	1.002	210000
	rk60[12,4]	0.07825	0.2686	-0.002183	-1.216E-13	0.9989	210000
	rk60[12,5]	0.06982	0.2548	-0.002184	1.197E-13	0.9958	210000
	rk60[12,6]	0.0705	0.256	-0.002183	1.2E-13	0.998	210000
	rk60[12,7]	0.07269	0.2596	-0.002183	1.072E-18	0.9987	210000
	rk60[12,8]	0.07175	0.2581	-0.002186	1.219E-13	0.9994	210000
	rk60[12,9]	0.07309	0.2603	-0.002183	-1.649E-8	1.0	210000
	rk60[12,10]	0.1464	0.3535	-0.002182	-1.802E-8	1.0	210000
	rk60[12,11]	0.1259	0.3318	-0.002189	-1.771E-8	1.0	210000
	rk60[12,12]	0.1465	0.3536	-0.002184	1.827E-8	1.0	210000
	rk60[12,13]	0.1957	0.3968	-0.002184	2.315E-9	1.0	210000
	rk60[13,1]	0.268	0.4429	-0.002183	1.058E-7	1.0	210000
	rk60[13,2]	0.1208	0.3259	-0.002182	1.732E-8	1.0	210000
	rk60[13,3]	0.132	0.3385	-0.002187	-1.754E-8	1.0	210000
	rk60[13,4]	0.1579	0.3647	-0.002186	-2.426E-14	1.0	210000
	rk60[13,5]	0.1385	0.3454	-0.002185	2.922E-11	1.0	210000
	rk60[13,6]	0.1024	0.3032	-0.002188	-3.642E-15	1.0	210000
	rk60[13,7]	0.09617	0.2948	-0.002194	-1.692E-8	1.0	210000
	rk60[13,8]	0.09932	0.2991	-0.002184	-1.699E-8	1.0	210000
	rk60[13,9]	0.09572	0.2942	-0.002192	-1.705E-8	1.0	210000
	rk60[13,10]	0.05969	0.2369	-0.002182	-1.645E-8	1.0	210000
	rk60[13,11]	0.04632	0.2102	-0.002199	-1.628E-8	1.0	210000
	rk60[13,12]	0.0326	0.1776	-0.002184	-9.173E-19	0.9999	210000
	rk60[13,13]	0.004224	0.06485	-0.002185	1.564E-8	0.002767	210000

Dbar = post.mean of -2logL; Dhat = -2LogL at post.mean of stochastic nodes
	Dbar	Dhat	pD	DIC	
r	2169.400	2119.450	49.942	2219.340	
total	2169.400	2119.450	49.942	2219.340	
