Results - 30,000 burn in, 70,000 iterations

	 node	 mean	 sd	 MC error	2.5%	median	97.5%	start	sample
	d[2,1]	0.03884	0.2083	0.004665	-0.3684	0.0385	0.4543	30001	210000
	d[2,2]	-0.07678	0.08116	0.001822	-0.2379	-0.07664	0.08228	30001	210000
	d[3,1]	-0.1532	0.204	0.00406	-0.5536	-0.152	0.2396	30001	210000
	d[3,2]	-0.08127	0.07823	0.001571	-0.2331	-0.08189	0.07232	30001	210000
	d[4,1]	-0.3263	0.344	0.01011	-0.9739	-0.3371	0.3972	30001	210000
	d[4,2]	0.03219	0.1259	0.003767	-0.2263	0.03524	0.274	30001	210000
	d[5,1]	-0.9854	0.3527	0.01028	-1.676	-0.987	-0.2884	30001	210000
	d[5,2]	0.1827	0.1404	0.00408	-0.09645	0.1831	0.4568	30001	210000
	d[6,1]	-0.7344	0.1966	0.005221	-1.117	-0.7332	-0.3447	30001	210000
	d[6,2]	0.2183	0.07415	0.001963	0.07095	0.2183	0.3622	30001	210000
	d[7,1]	-1.33	0.4933	0.01388	-2.309	-1.326	-0.3855	30001	210000
	d[7,2]	0.2972	0.1906	0.00538	-0.06832	0.2949	0.6746	30001	210000
	d[8,1]	-0.2921	0.4012	0.01338	-1.049	-0.3012	0.5294	30001	210000
	d[8,2]	-0.06157	0.1436	0.0048	-0.3534	-0.05907	0.2142	30001	210000
	d[9,1]	-0.5049	0.3011	0.009152	-1.095	-0.5063	0.1088	30001	210000
	d[9,2]	-0.1178	0.1121	0.003454	-0.348	-0.1157	0.09803	30001	210000
	d[10,1]	-0.2875	0.3969	0.01223	-1.047	-0.2998	0.533	30001	210000
	d[10,2]	-0.2716	0.1424	0.004425	-0.564	-0.2678	0.004705	30001	210000
	d[11,1]	-0.8741	0.4606	0.01501	-1.749	-0.8782	0.06072	30001	210000
	d[11,2]	0.05105	0.1641	0.005383	-0.2808	0.05383	0.3678	30001	210000
	d[12,1]	-0.7262	0.6736	0.01852	-2.032	-0.7268	0.5974	30001	210000
	d[12,2]	-0.055	0.3065	0.007982	-0.6649	-0.0551	0.5441	30001	210000
	d[13,1]	-0.4338	0.8217	0.02154	-2.101	-0.4041	1.101	30001	210000
	d[13,2]	0.09127	0.3316	0.008716	-0.5355	0.08194	0.7616	30001	210000

	 node	 mean	 sd	 2.5%	 median	 97.5%	sample
	S[1,1]	0.9175	0.0146	0.886	0.9185	0.9435	210000
	S[1,2]	0.8551	0.022	0.8086	0.8564	0.8951	210000
	S[1,3]	0.8033	0.02644	0.748	0.8045	0.852	210000
	S[1,4]	0.7583	0.02927	0.6976	0.7594	0.8125	210000
	S[1,5]	0.7183	0.0311	0.6546	0.7193	0.7765	210000
	S[1,6]	0.6824	0.03228	0.6168	0.6831	0.7434	210000
	S[1,7]	0.6496	0.03301	0.5831	0.6503	0.7123	210000
	S[1,8]	0.6196	0.03341	0.5524	0.6201	0.6832	210000
	S[1,9]	0.5918	0.0336	0.5245	0.5922	0.656	210000
	S[1,10]	0.566	0.03361	0.4989	0.5664	0.6306	210000
	S[1,11]	0.542	0.03351	0.4753	0.5423	0.6067	210000
	S[1,12]	0.5196	0.03332	0.4534	0.5198	0.5842	210000
	S[1,13]	0.4985	0.03308	0.4331	0.4986	0.5629	210000
	S[1,14]	0.4787	0.03279	0.414	0.4787	0.5428	210000
	S[1,15]	0.4601	0.03247	0.3962	0.46	0.5235	210000
	S[1,16]	0.4425	0.03214	0.3795	0.4424	0.5055	210000
	S[1,17]	0.4258	0.03179	0.3636	0.4256	0.4884	210000
	S[1,18]	0.41	0.03145	0.3486	0.4098	0.4721	210000
	S[1,19]	0.3951	0.0311	0.3344	0.3948	0.4566	210000
	S[1,20]	0.3808	0.03076	0.3211	0.3805	0.4418	210000
	S[1,21]	0.3673	0.03043	0.3085	0.367	0.4278	210000
	S[1,22]	0.3544	0.0301	0.2964	0.3541	0.4142	210000
	S[1,23]	0.3422	0.02978	0.2849	0.3417	0.4015	210000
	S[1,24]	0.3304	0.02948	0.2739	0.33	0.3893	210000
	S[1,25]	0.3193	0.02918	0.2633	0.3188	0.3777	210000
	S[1,26]	0.3086	0.02889	0.2533	0.3081	0.3666	210000
	S[1,27]	0.2983	0.02861	0.2437	0.2978	0.356	210000
	S[1,28]	0.2886	0.02834	0.2346	0.2879	0.3457	210000
	S[1,29]	0.2792	0.02808	0.2258	0.2785	0.336	210000
	S[1,30]	0.2702	0.02783	0.2174	0.2695	0.3267	210000
	S[1,31]	0.2616	0.02758	0.2094	0.2609	0.3177	210000
	S[1,32]	0.2533	0.02734	0.2017	0.2526	0.309	210000
	S[1,33]	0.2454	0.02711	0.1944	0.2446	0.3006	210000
	S[1,34]	0.2378	0.02688	0.1873	0.237	0.2927	210000
	S[1,35]	0.2305	0.02666	0.1805	0.2296	0.285	210000
	S[1,36]	0.2234	0.02644	0.174	0.2225	0.2777	210000
	S[1,37]	0.2167	0.02622	0.1677	0.2157	0.2705	210000
	S[1,38]	0.2101	0.02601	0.1617	0.2092	0.2636	210000
	S[1,39]	0.2039	0.02581	0.1559	0.2028	0.257	210000
	S[1,40]	0.1978	0.0256	0.1504	0.1968	0.2506	210000
	S[1,41]	0.192	0.0254	0.145	0.191	0.2445	210000
	S[1,42]	0.1864	0.0252	0.1398	0.1853	0.2386	210000
	S[1,43]	0.181	0.025	0.1349	0.1799	0.2329	210000
	S[1,44]	0.1758	0.0248	0.1301	0.1746	0.2274	210000
	S[1,45]	0.1707	0.0246	0.1256	0.1696	0.2221	210000
	S[1,46]	0.1659	0.02441	0.1212	0.1647	0.2168	210000
	S[1,47]	0.1612	0.02421	0.1169	0.16	0.2117	210000
	S[1,48]	0.1567	0.02402	0.1128	0.1554	0.2069	210000
	S[1,49]	0.1523	0.02383	0.1089	0.1511	0.2021	210000
	S[1,50]	0.1481	0.02363	0.1051	0.1468	0.1975	210000
	S[1,51]	0.144	0.02344	0.1014	0.1427	0.1931	210000
	S[1,52]	0.14	0.02325	0.09794	0.1387	0.1888	210000
	S[1,53]	0.1362	0.02306	0.0946	0.1349	0.1846	210000
	S[1,54]	0.1325	0.02286	0.09134	0.1312	0.1806	210000
	S[1,55]	0.1289	0.02267	0.0882	0.1276	0.1766	210000
	S[1,56]	0.1255	0.02248	0.08516	0.1242	0.1729	210000
	S[1,57]	0.1221	0.02229	0.08225	0.1208	0.1691	210000
	S[1,58]	0.1189	0.0221	0.0794	0.1176	0.1656	210000
	S[1,59]	0.1157	0.0219	0.07665	0.1144	0.1622	210000
	S[1,60]	0.1127	0.02171	0.07404	0.1114	0.1588	210000
	S[1,61]	0.1098	0.02152	0.07153	0.1084	0.1555	210000
	S[1,62]	0.1069	0.02133	0.06911	0.1056	0.1523	210000
	S[1,63]	0.1041	0.02114	0.06677	0.1028	0.1492	210000
	S[1,64]	0.1015	0.02095	0.06448	0.1001	0.1461	210000
	S[1,65]	0.09887	0.02075	0.06226	0.09751	0.1432	210000
	S[1,66]	0.09635	0.02056	0.06019	0.09497	0.1403	210000
	S[1,67]	0.0939	0.02037	0.05816	0.0925	0.1375	210000
	S[1,68]	0.09153	0.02018	0.0562	0.0901	0.1348	210000
	S[1,69]	0.08923	0.01999	0.05431	0.08778	0.1322	210000
	S[1,70]	0.087	0.0198	0.05249	0.08554	0.1296	210000
	S[1,71]	0.08483	0.01961	0.05073	0.08337	0.1271	210000
	S[1,72]	0.08273	0.01943	0.04903	0.08126	0.1247	210000
	S[1,73]	0.08068	0.01924	0.04736	0.07921	0.1222	210000
	S[1,74]	0.0787	0.01905	0.04577	0.07722	0.1199	210000
	S[1,75]	0.07678	0.01886	0.04424	0.07529	0.1176	210000
	S[1,76]	0.07491	0.01868	0.04276	0.07341	0.1154	210000
	S[1,77]	0.07309	0.01849	0.04133	0.07158	0.1133	210000
	S[1,78]	0.07132	0.01831	0.03996	0.06979	0.1111	210000
	S[1,79]	0.06961	0.01812	0.03865	0.06807	0.1091	210000
	S[1,80]	0.06794	0.01794	0.03738	0.06638	0.1071	210000
	S[1,81]	0.06632	0.01776	0.03613	0.06475	0.1052	210000
	S[1,82]	0.06474	0.01758	0.03493	0.06316	0.1033	210000
	S[1,83]	0.06321	0.01739	0.03378	0.06163	0.1014	210000
	S[1,84]	0.06172	0.01722	0.03268	0.06013	0.0996	210000
	S[1,85]	0.06027	0.01704	0.03159	0.05866	0.0978	210000
	S[1,86]	0.05886	0.01686	0.03056	0.05725	0.09603	210000
	S[1,87]	0.05749	0.01668	0.02955	0.05587	0.09434	210000
	S[1,88]	0.05616	0.01651	0.02856	0.05454	0.09264	210000
	S[1,89]	0.05486	0.01633	0.02762	0.05323	0.09103	210000
	S[1,90]	0.0536	0.01616	0.02672	0.05196	0.08942	210000
	S[1,91]	0.05237	0.01599	0.02585	0.05073	0.08791	210000
	S[1,92]	0.05117	0.01582	0.02502	0.04953	0.08639	210000
	S[1,93]	0.05001	0.01565	0.0242	0.04836	0.08491	210000
	S[1,94]	0.04887	0.01548	0.02342	0.04723	0.08347	210000
	S[1,95]	0.04777	0.01531	0.02266	0.04612	0.08202	210000
	S[1,96]	0.04669	0.01515	0.02193	0.04504	0.08063	210000
	S[1,97]	0.04564	0.01498	0.02122	0.04399	0.07927	210000
	S[1,98]	0.04462	0.01482	0.02054	0.04297	0.07794	210000
	S[1,99]	0.04363	0.01465	0.01988	0.04197	0.07665	210000
	S[1,100]	0.04266	0.01449	0.01923	0.041	0.07536	210000
	S[1,101]	0.04172	0.01433	0.01861	0.04005	0.07409	210000
	S[1,102]	0.0408	0.01418	0.01801	0.03913	0.07288	210000
	S[1,103]	0.0399	0.01402	0.01741	0.03823	0.07169	210000
	S[1,104]	0.03903	0.01386	0.01685	0.03736	0.07048	210000
	S[1,105]	0.03818	0.01371	0.01631	0.03651	0.06933	210000
	S[1,106]	0.03735	0.01356	0.01578	0.03568	0.06819	210000
	S[1,107]	0.03654	0.01341	0.01527	0.03487	0.06708	210000
	S[1,108]	0.03575	0.01326	0.01478	0.03407	0.06599	210000
	S[1,109]	0.03498	0.01311	0.01431	0.0333	0.06495	210000
	S[1,110]	0.03423	0.01296	0.01385	0.03255	0.06391	210000
	S[1,111]	0.0335	0.01281	0.01341	0.03182	0.0629	210000
	S[1,112]	0.03279	0.01267	0.01297	0.0311	0.0619	210000
	S[1,113]	0.03209	0.01253	0.01257	0.03041	0.06094	210000
	S[1,114]	0.03141	0.01239	0.01216	0.02973	0.06001	210000
	S[1,115]	0.03075	0.01225	0.01177	0.02907	0.05905	210000
	S[1,116]	0.0301	0.01211	0.01139	0.02842	0.05814	210000
	S[1,117]	0.02947	0.01197	0.01102	0.02779	0.05725	210000
	S[1,118]	0.02885	0.01183	0.01067	0.02718	0.05636	210000
	S[1,119]	0.02825	0.0117	0.01032	0.02658	0.0555	210000
	S[1,120]	0.02767	0.01156	0.00998	0.02599	0.05465	210000
	S[2,1]	0.9127	0.0234	0.8596	0.9153	0.9504	210000
	S[2,2]	0.8511	0.03428	0.7748	0.8541	0.9084	210000
	S[2,3]	0.8015	0.04054	0.7128	0.8045	0.8708	210000
	S[2,4]	0.7593	0.04442	0.6633	0.7622	0.8367	210000
	S[2,5]	0.7225	0.04688	0.6222	0.7252	0.8052	210000
	S[2,6]	0.6896	0.04845	0.5867	0.6921	0.776	210000
	S[2,7]	0.6599	0.0494	0.5559	0.6622	0.7488	210000
	S[2,8]	0.6328	0.04993	0.5284	0.6348	0.7232	210000
	S[2,9]	0.6078	0.05016	0.5036	0.6097	0.6994	210000
	S[2,10]	0.5847	0.05018	0.4809	0.5864	0.6769	210000
	S[2,11]	0.5632	0.05005	0.4602	0.5647	0.6557	210000
	S[2,12]	0.5431	0.04981	0.4412	0.5445	0.6358	210000
	S[2,13]	0.5242	0.04949	0.4237	0.5255	0.6168	210000
	S[2,14]	0.5065	0.04912	0.4074	0.5076	0.5989	210000
	S[2,15]	0.4898	0.04872	0.3917	0.4907	0.5819	210000
	S[2,16]	0.474	0.0483	0.3769	0.4748	0.5656	210000
	S[2,17]	0.459	0.04786	0.3631	0.4596	0.5502	210000
	S[2,18]	0.4447	0.04743	0.35	0.4453	0.5357	210000
	S[2,19]	0.4312	0.047	0.3377	0.4316	0.5216	210000
	S[2,20]	0.4183	0.04657	0.3261	0.4186	0.5082	210000
	S[2,21]	0.4061	0.04616	0.3148	0.4062	0.4955	210000
	S[2,22]	0.3943	0.04576	0.3042	0.3943	0.4833	210000
	S[2,23]	0.3831	0.04537	0.2941	0.383	0.4716	210000
	S[2,24]	0.3724	0.045	0.2843	0.3722	0.4606	210000
	S[2,25]	0.3621	0.04465	0.2751	0.3617	0.4498	210000
	S[2,26]	0.3522	0.04431	0.2661	0.3518	0.4395	210000
	S[2,27]	0.3428	0.04398	0.2575	0.3422	0.4297	210000
	S[2,28]	0.3337	0.04367	0.2492	0.3331	0.4202	210000
	S[2,29]	0.3249	0.04338	0.2413	0.3242	0.4112	210000
	S[2,30]	0.3165	0.04309	0.2336	0.3158	0.4023	210000
	S[2,31]	0.3084	0.04282	0.2263	0.3076	0.3938	210000
	S[2,32]	0.3006	0.04256	0.2191	0.2998	0.3857	210000
	S[2,33]	0.2931	0.04231	0.2123	0.2922	0.378	210000
	S[2,34]	0.2859	0.04208	0.2057	0.2849	0.3705	210000
	S[2,35]	0.2789	0.04185	0.1993	0.2779	0.3633	210000
	S[2,36]	0.2721	0.04163	0.1933	0.2711	0.3562	210000
	S[2,37]	0.2656	0.04141	0.1872	0.2646	0.3494	210000
	S[2,38]	0.2593	0.04121	0.1815	0.2582	0.343	210000
	S[2,39]	0.2532	0.04101	0.1759	0.2521	0.3366	210000
	S[2,40]	0.2473	0.04081	0.1705	0.2462	0.3304	210000
	S[2,41]	0.2416	0.04062	0.1654	0.2404	0.3246	210000
	S[2,42]	0.2361	0.04044	0.1603	0.2349	0.3188	210000
	S[2,43]	0.2307	0.04025	0.1554	0.2295	0.3132	210000
	S[2,44]	0.2255	0.04007	0.1507	0.2243	0.3078	210000
	S[2,45]	0.2205	0.0399	0.1462	0.2192	0.3025	210000
	S[2,46]	0.2156	0.03972	0.1418	0.2143	0.2975	210000
	S[2,47]	0.2109	0.03955	0.1375	0.2095	0.2926	210000
	S[2,48]	0.2063	0.03938	0.1335	0.2049	0.2877	210000
	S[2,49]	0.2019	0.03921	0.1295	0.2004	0.283	210000
	S[2,50]	0.1975	0.03905	0.1256	0.1961	0.2784	210000
	S[2,51]	0.1933	0.03888	0.1218	0.1919	0.274	210000
	S[2,52]	0.1893	0.03871	0.1182	0.1877	0.2696	210000
	S[2,53]	0.1853	0.03855	0.1146	0.1837	0.2653	210000
	S[2,54]	0.1815	0.03838	0.1112	0.1799	0.2613	210000
	S[2,55]	0.1777	0.03821	0.108	0.1761	0.2573	210000
	S[2,56]	0.1741	0.03805	0.1048	0.1724	0.2534	210000
	S[2,57]	0.1705	0.03788	0.1017	0.1688	0.2496	210000
	S[2,58]	0.1671	0.03771	0.09865	0.1654	0.2459	210000
	S[2,59]	0.1637	0.03755	0.09575	0.162	0.2423	210000
	S[2,60]	0.1605	0.03738	0.09292	0.1587	0.2388	210000
	S[2,61]	0.1573	0.03721	0.09023	0.1555	0.2354	210000
	S[2,62]	0.1542	0.03704	0.08758	0.1523	0.232	210000
	S[2,63]	0.1512	0.03687	0.08497	0.1493	0.2287	210000
	S[2,64]	0.1483	0.0367	0.08244	0.1463	0.2256	210000
	S[2,65]	0.1454	0.03653	0.08002	0.1434	0.2224	210000
	S[2,66]	0.1426	0.03636	0.07771	0.1406	0.2194	210000
	S[2,67]	0.1399	0.03618	0.0755	0.1378	0.2164	210000
	S[2,68]	0.1373	0.03601	0.0733	0.1352	0.2134	210000
	S[2,69]	0.1347	0.03584	0.07119	0.1325	0.2106	210000
	S[2,70]	0.1322	0.03566	0.06907	0.13	0.2078	210000
	S[2,71]	0.1297	0.03548	0.06708	0.1275	0.2051	210000
	S[2,72]	0.1273	0.03531	0.06509	0.1251	0.2025	210000
	S[2,73]	0.125	0.03513	0.06318	0.1227	0.1999	210000
	S[2,74]	0.1227	0.03495	0.06136	0.1204	0.1973	210000
	S[2,75]	0.1205	0.03477	0.05956	0.1181	0.1949	210000
	S[2,76]	0.1183	0.0346	0.05788	0.1159	0.1925	210000
	S[2,77]	0.1162	0.03442	0.05623	0.1138	0.1902	210000
	S[2,78]	0.1141	0.03424	0.05462	0.1117	0.1878	210000
	S[2,79]	0.1121	0.03406	0.05307	0.1096	0.1855	210000
	S[2,80]	0.1101	0.03388	0.05156	0.1076	0.1832	210000
	S[2,81]	0.1082	0.03369	0.05007	0.1056	0.181	210000
	S[2,82]	0.1063	0.03351	0.04865	0.1037	0.1789	210000
	S[2,83]	0.1044	0.03333	0.0473	0.1018	0.1767	210000
	S[2,84]	0.1026	0.03315	0.04602	0.1	0.1746	210000
	S[2,85]	0.1009	0.03297	0.04474	0.09822	0.1725	210000
	S[2,86]	0.09913	0.03278	0.04347	0.09645	0.1704	210000
	S[2,87]	0.09745	0.0326	0.04225	0.09476	0.1684	210000
	S[2,88]	0.0958	0.03242	0.04106	0.09307	0.1665	210000
	S[2,89]	0.09418	0.03224	0.03992	0.09143	0.1647	210000
	S[2,90]	0.09261	0.03205	0.03881	0.08985	0.1628	210000
	S[2,91]	0.09106	0.03187	0.03772	0.08827	0.1609	210000
	S[2,92]	0.08955	0.03169	0.03666	0.08672	0.1591	210000
	S[2,93]	0.08808	0.03151	0.03563	0.08521	0.1573	210000
	S[2,94]	0.08663	0.03132	0.03464	0.08373	0.1555	210000
	S[2,95]	0.08521	0.03114	0.03367	0.08228	0.1538	210000
	S[2,96]	0.08383	0.03096	0.03272	0.08088	0.1521	210000
	S[2,97]	0.08247	0.03078	0.03178	0.07951	0.1505	210000
	S[2,98]	0.08114	0.0306	0.03089	0.07816	0.1488	210000
	S[2,99]	0.07984	0.03042	0.03004	0.07682	0.1472	210000
	S[2,100]	0.07857	0.03024	0.0292	0.07551	0.1457	210000
	S[2,101]	0.07732	0.03005	0.02839	0.07425	0.1441	210000
	S[2,102]	0.0761	0.02987	0.02761	0.07301	0.1425	210000
	S[2,103]	0.0749	0.0297	0.02684	0.07178	0.1411	210000
	S[2,104]	0.07373	0.02952	0.02607	0.07059	0.1396	210000
	S[2,105]	0.07258	0.02934	0.02535	0.06941	0.1382	210000
	S[2,106]	0.07146	0.02916	0.02466	0.06825	0.1367	210000
	S[2,107]	0.07035	0.02898	0.02396	0.06712	0.1354	210000
	S[2,108]	0.06927	0.0288	0.02331	0.06601	0.134	210000
	S[2,109]	0.06821	0.02863	0.02266	0.06493	0.1327	210000
	S[2,110]	0.06717	0.02845	0.02203	0.06386	0.1314	210000
	S[2,111]	0.06615	0.02828	0.02142	0.06283	0.1301	210000
	S[2,112]	0.06515	0.0281	0.02083	0.06181	0.1288	210000
	S[2,113]	0.06417	0.02793	0.02024	0.0608	0.1275	210000
	S[2,114]	0.06321	0.02775	0.01968	0.05983	0.1263	210000
	S[2,115]	0.06227	0.02758	0.01915	0.05885	0.1251	210000
	S[2,116]	0.06135	0.02741	0.01863	0.05791	0.1239	210000
	S[2,117]	0.06044	0.02724	0.01812	0.057	0.1227	210000
	S[2,118]	0.05955	0.02707	0.0176	0.05609	0.1215	210000
	S[2,119]	0.05868	0.0269	0.01712	0.05518	0.1204	210000
	S[2,120]	0.05782	0.02673	0.01666	0.0543	0.1192	210000
	S[3,1]	0.9274	0.01939	0.8836	0.9298	0.9586	210000
	S[3,2]	0.8755	0.02888	0.8115	0.8786	0.9232	210000
	S[3,3]	0.8333	0.03464	0.7577	0.8366	0.8915	210000
	S[3,4]	0.7972	0.03845	0.7142	0.8003	0.863	210000
	S[3,5]	0.7653	0.04108	0.6775	0.7683	0.8365	210000
	S[3,6]	0.7366	0.04295	0.6453	0.7395	0.812	210000
	S[3,7]	0.7105	0.04428	0.6171	0.7132	0.7889	210000
	S[3,8]	0.6864	0.04525	0.5916	0.6891	0.7671	210000
	S[3,9]	0.6642	0.04594	0.5684	0.6667	0.7468	210000
	S[3,10]	0.6435	0.04642	0.5471	0.6457	0.7275	210000
	S[3,11]	0.624	0.04676	0.5276	0.6261	0.7092	210000
	S[3,12]	0.6058	0.04698	0.5092	0.6078	0.6918	210000
	S[3,13]	0.5886	0.04712	0.492	0.5905	0.6753	210000
	S[3,14]	0.5723	0.0472	0.4759	0.574	0.6597	210000
	S[3,15]	0.5568	0.04722	0.4607	0.5584	0.6447	210000
	S[3,16]	0.5421	0.04722	0.4463	0.5435	0.6305	210000
	S[3,17]	0.528	0.04718	0.4326	0.5294	0.6168	210000
	S[3,18]	0.5147	0.04713	0.4196	0.5159	0.6036	210000
	S[3,19]	0.5019	0.04707	0.4072	0.503	0.591	210000
	S[3,20]	0.4896	0.047	0.3953	0.4906	0.5789	210000
	S[3,21]	0.4779	0.04692	0.3841	0.4787	0.5673	210000
	S[3,22]	0.4666	0.04684	0.3731	0.4673	0.5562	210000
	S[3,23]	0.4558	0.04677	0.3627	0.4564	0.5456	210000
	S[3,24]	0.4453	0.04669	0.3527	0.4459	0.5352	210000
	S[3,25]	0.4353	0.04662	0.343	0.4358	0.5252	210000
	S[3,26]	0.4256	0.04655	0.3336	0.426	0.5155	210000
	S[3,27]	0.4163	0.04648	0.3248	0.4167	0.5063	210000
	S[3,28]	0.4073	0.04642	0.316	0.4076	0.4974	210000
	S[3,29]	0.3986	0.04636	0.3076	0.3989	0.4888	210000
	S[3,30]	0.3902	0.04631	0.2994	0.3904	0.4806	210000
	S[3,31]	0.382	0.04625	0.2916	0.3822	0.4724	210000
	S[3,32]	0.3741	0.04621	0.2839	0.3743	0.4646	210000
	S[3,33]	0.3665	0.04616	0.2765	0.3665	0.4571	210000
	S[3,34]	0.3591	0.04612	0.2693	0.3591	0.4498	210000
	S[3,35]	0.352	0.04608	0.2624	0.3519	0.4428	210000
	S[3,36]	0.345	0.04604	0.2557	0.3449	0.4358	210000
	S[3,37]	0.3383	0.04601	0.2492	0.338	0.429	210000
	S[3,38]	0.3317	0.04597	0.2429	0.3314	0.4226	210000
	S[3,39]	0.3254	0.04594	0.2367	0.325	0.4163	210000
	S[3,40]	0.3192	0.04591	0.2308	0.3187	0.4102	210000
	S[3,41]	0.3132	0.04588	0.2249	0.3127	0.4042	210000
	S[3,42]	0.3073	0.04584	0.2193	0.3068	0.3986	210000
	S[3,43]	0.3016	0.04581	0.2138	0.3011	0.3929	210000
	S[3,44]	0.2961	0.04578	0.2084	0.2955	0.3873	210000
	S[3,45]	0.2907	0.04574	0.2033	0.29	0.382	210000
	S[3,46]	0.2855	0.04571	0.1983	0.2848	0.3768	210000
	S[3,47]	0.2804	0.04567	0.1932	0.2796	0.3718	210000
	S[3,48]	0.2754	0.04564	0.1885	0.2746	0.3669	210000
	S[3,49]	0.2706	0.0456	0.1839	0.2697	0.3621	210000
	S[3,50]	0.2659	0.04556	0.1794	0.2649	0.3574	210000
	S[3,51]	0.2612	0.04551	0.1749	0.2603	0.3528	210000
	S[3,52]	0.2568	0.04547	0.1706	0.2557	0.3483	210000
	S[3,53]	0.2524	0.04542	0.1665	0.2513	0.344	210000
	S[3,54]	0.2481	0.04537	0.1624	0.247	0.3398	210000
	S[3,55]	0.2439	0.04532	0.1585	0.2428	0.3357	210000
	S[3,56]	0.2398	0.04527	0.1546	0.2387	0.3315	210000
	S[3,57]	0.2359	0.04521	0.1509	0.2347	0.3275	210000
	S[3,58]	0.232	0.04515	0.1473	0.2307	0.3236	210000
	S[3,59]	0.2282	0.04509	0.1437	0.2269	0.3198	210000
	S[3,60]	0.2245	0.04503	0.1403	0.2231	0.3161	210000
	S[3,61]	0.2208	0.04496	0.1369	0.2195	0.3124	210000
	S[3,62]	0.2173	0.04489	0.1336	0.2159	0.3088	210000
	S[3,63]	0.2138	0.04482	0.1304	0.2124	0.3053	210000
	S[3,64]	0.2104	0.04474	0.1273	0.209	0.3018	210000
	S[3,65]	0.2071	0.04467	0.1243	0.2057	0.2985	210000
	S[3,66]	0.2039	0.04459	0.1213	0.2024	0.2953	210000
	S[3,67]	0.2007	0.04451	0.1184	0.1992	0.2921	210000
	S[3,68]	0.1976	0.04442	0.1157	0.196	0.2889	210000
	S[3,69]	0.1946	0.04433	0.1129	0.1929	0.2858	210000
	S[3,70]	0.1916	0.04425	0.1102	0.1899	0.2828	210000
	S[3,71]	0.1887	0.04415	0.1076	0.187	0.2798	210000
	S[3,72]	0.1858	0.04406	0.1051	0.1841	0.2769	210000
	S[3,73]	0.1831	0.04396	0.1026	0.1812	0.274	210000
	S[3,74]	0.1803	0.04386	0.1002	0.1785	0.2712	210000
	S[3,75]	0.1776	0.04376	0.09787	0.1757	0.2684	210000
	S[3,76]	0.175	0.04366	0.09562	0.173	0.2656	210000
	S[3,77]	0.1724	0.04355	0.09339	0.1704	0.2629	210000
	S[3,78]	0.1699	0.04345	0.09126	0.1679	0.2603	210000
	S[3,79]	0.1675	0.04334	0.08917	0.1654	0.2578	210000
	S[3,80]	0.165	0.04323	0.08708	0.1629	0.2552	210000
	S[3,81]	0.1627	0.04311	0.08504	0.1605	0.2527	210000
	S[3,82]	0.1603	0.043	0.08313	0.1581	0.2503	210000
	S[3,83]	0.1581	0.04288	0.0812	0.1557	0.2479	210000
	S[3,84]	0.1558	0.04276	0.07938	0.1534	0.2455	210000
	S[3,85]	0.1536	0.04264	0.07762	0.1512	0.2432	210000
	S[3,86]	0.1515	0.04252	0.07575	0.149	0.2409	210000
	S[3,87]	0.1494	0.04239	0.07401	0.1469	0.2387	210000
	S[3,88]	0.1473	0.04227	0.07229	0.1447	0.2365	210000
	S[3,89]	0.1453	0.04214	0.07066	0.1427	0.2343	210000
	S[3,90]	0.1433	0.04201	0.06905	0.1406	0.2321	210000
	S[3,91]	0.1413	0.04188	0.06748	0.1387	0.23	210000
	S[3,92]	0.1394	0.04175	0.06599	0.1367	0.2279	210000
	S[3,93]	0.1375	0.04162	0.06447	0.1348	0.2259	210000
	S[3,94]	0.1356	0.04149	0.06299	0.1329	0.2238	210000
	S[3,95]	0.1338	0.04135	0.06155	0.131	0.2219	210000
	S[3,96]	0.132	0.04121	0.06013	0.1292	0.22	210000
	S[3,97]	0.1303	0.04108	0.05876	0.1274	0.218	210000
	S[3,98]	0.1286	0.04094	0.05745	0.1256	0.2161	210000
	S[3,99]	0.1269	0.0408	0.05617	0.1239	0.2142	210000
	S[3,100]	0.1252	0.04066	0.05492	0.1222	0.2124	210000
	S[3,101]	0.1236	0.04052	0.05367	0.1205	0.2105	210000
	S[3,102]	0.122	0.04038	0.05247	0.1188	0.2088	210000
	S[3,103]	0.1204	0.04023	0.0513	0.1172	0.2071	210000
	S[3,104]	0.1188	0.04009	0.05015	0.1156	0.2052	210000
	S[3,105]	0.1173	0.03995	0.04901	0.1141	0.2035	210000
	S[3,106]	0.1158	0.0398	0.0479	0.1125	0.2018	210000
	S[3,107]	0.1143	0.03965	0.04684	0.111	0.2002	210000
	S[3,108]	0.1129	0.03951	0.04582	0.1095	0.1985	210000
	S[3,109]	0.1115	0.03936	0.04479	0.1081	0.197	210000
	S[3,110]	0.1101	0.03921	0.04381	0.1067	0.1954	210000
	S[3,111]	0.1087	0.03907	0.04284	0.1053	0.1939	210000
	S[3,112]	0.1073	0.03892	0.0419	0.1039	0.1923	210000
	S[3,113]	0.106	0.03877	0.04097	0.1025	0.1908	210000
	S[3,114]	0.1047	0.03862	0.04003	0.1011	0.1893	210000
	S[3,115]	0.1034	0.03847	0.03917	0.09982	0.1878	210000
	S[3,116]	0.1022	0.03832	0.03831	0.09851	0.1864	210000
	S[3,117]	0.1009	0.03817	0.03748	0.09724	0.1849	210000
	S[3,118]	0.09968	0.03802	0.03664	0.09598	0.1835	210000
	S[3,119]	0.09848	0.03787	0.03583	0.09475	0.182	210000
	S[3,120]	0.09729	0.03772	0.03504	0.09355	0.1806	210000
	S[4,1]	0.9364	0.02502	0.8759	0.9409	0.9715	210000
	S[4,2]	0.8878	0.03794	0.7975	0.8939	0.9437	210000
	S[4,3]	0.8466	0.04604	0.7385	0.8533	0.9168	210000
	S[4,4]	0.8102	0.05152	0.691	0.8171	0.8909	210000
	S[4,5]	0.7773	0.05536	0.6505	0.7842	0.8659	210000
	S[4,6]	0.7473	0.05808	0.6159	0.754	0.8417	210000
	S[4,7]	0.7195	0.06002	0.5861	0.726	0.8185	210000
	S[4,8]	0.6936	0.06138	0.5579	0.6999	0.796	210000
	S[4,9]	0.6694	0.06231	0.5325	0.6753	0.7746	210000
	S[4,10]	0.6466	0.06291	0.5088	0.6521	0.7539	210000
	S[4,11]	0.6251	0.06327	0.4878	0.6304	0.734	210000
	S[4,12]	0.6048	0.06344	0.4676	0.6098	0.715	210000
	S[4,13]	0.5855	0.06346	0.4489	0.5902	0.6965	210000
	S[4,14]	0.5671	0.06337	0.4316	0.5715	0.6791	210000
	S[4,15]	0.5497	0.0632	0.415	0.5538	0.6621	210000
	S[4,16]	0.533	0.06297	0.3995	0.5368	0.6458	210000
	S[4,17]	0.517	0.06269	0.3848	0.5205	0.6302	210000
	S[4,18]	0.5018	0.06238	0.3711	0.5049	0.6153	210000
	S[4,19]	0.4872	0.06205	0.358	0.49	0.601	210000
	S[4,20]	0.4731	0.0617	0.3453	0.4756	0.587	210000
	S[4,21]	0.4597	0.06135	0.3335	0.4619	0.5737	210000
	S[4,22]	0.4468	0.061	0.322	0.4487	0.5609	210000
	S[4,23]	0.4344	0.06065	0.3109	0.436	0.5484	210000
	S[4,24]	0.4224	0.0603	0.3004	0.4237	0.5363	210000
	S[4,25]	0.4109	0.05996	0.2902	0.412	0.5249	210000
	S[4,26]	0.3998	0.05962	0.2804	0.4008	0.5134	210000
	S[4,27]	0.3891	0.0593	0.2712	0.3898	0.5026	210000
	S[4,28]	0.3788	0.05898	0.2619	0.3794	0.4923	210000
	S[4,29]	0.3689	0.05868	0.2532	0.3692	0.4823	210000
	S[4,30]	0.3593	0.05838	0.2448	0.3594	0.4727	210000
	S[4,31]	0.35	0.05809	0.2367	0.35	0.4633	210000
	S[4,32]	0.3411	0.05781	0.2288	0.3409	0.4541	210000
	S[4,33]	0.3324	0.05754	0.2212	0.332	0.4453	210000
	S[4,34]	0.324	0.05728	0.2138	0.3235	0.4368	210000
	S[4,35]	0.3159	0.05702	0.2068	0.3152	0.4286	210000
	S[4,36]	0.3081	0.05677	0.2	0.3073	0.4206	210000
	S[4,37]	0.3005	0.05652	0.1932	0.2995	0.4129	210000
	S[4,38]	0.2932	0.05628	0.1868	0.2921	0.4054	210000
	S[4,39]	0.2861	0.05604	0.1804	0.2848	0.3981	210000
	S[4,40]	0.2792	0.0558	0.1743	0.2778	0.3911	210000
	S[4,41]	0.2725	0.05557	0.1684	0.271	0.3842	210000
	S[4,42]	0.266	0.05534	0.1626	0.2644	0.3777	210000
	S[4,43]	0.2597	0.05511	0.157	0.258	0.3713	210000
	S[4,44]	0.2536	0.05488	0.1517	0.2518	0.365	210000
	S[4,45]	0.2477	0.05465	0.1464	0.2458	0.359	210000
	S[4,46]	0.242	0.05443	0.1414	0.24	0.353	210000
	S[4,47]	0.2364	0.0542	0.1365	0.2344	0.3472	210000
	S[4,48]	0.231	0.05397	0.1318	0.2289	0.3416	210000
	S[4,49]	0.2257	0.05374	0.1272	0.2235	0.3359	210000
	S[4,50]	0.2206	0.05351	0.1228	0.2184	0.3306	210000
	S[4,51]	0.2157	0.05327	0.1188	0.2133	0.3255	210000
	S[4,52]	0.2108	0.05304	0.1146	0.2084	0.3205	210000
	S[4,53]	0.2062	0.0528	0.1106	0.2036	0.3156	210000
	S[4,54]	0.2016	0.05256	0.1067	0.199	0.3108	210000
	S[4,55]	0.1972	0.05232	0.103	0.1945	0.306	210000
	S[4,56]	0.1929	0.05208	0.09939	0.1901	0.3014	210000
	S[4,57]	0.1887	0.05183	0.09582	0.1858	0.297	210000
	S[4,58]	0.1846	0.05159	0.09247	0.1817	0.2927	210000
	S[4,59]	0.1806	0.05134	0.08916	0.1777	0.2884	210000
	S[4,60]	0.1768	0.05108	0.08603	0.1738	0.2842	210000
	S[4,61]	0.173	0.05083	0.08305	0.17	0.2803	210000
	S[4,62]	0.1694	0.05057	0.08017	0.1663	0.2764	210000
	S[4,63]	0.1658	0.05031	0.07729	0.1626	0.2726	210000
	S[4,64]	0.1624	0.05005	0.07449	0.1591	0.2687	210000
	S[4,65]	0.159	0.04979	0.07183	0.1557	0.265	210000
	S[4,66]	0.1557	0.04952	0.06929	0.1523	0.2614	210000
	S[4,67]	0.1525	0.04925	0.06685	0.1491	0.2579	210000
	S[4,68]	0.1494	0.04898	0.06448	0.146	0.2544	210000
	S[4,69]	0.1463	0.04871	0.06221	0.1429	0.251	210000
	S[4,70]	0.1434	0.04844	0.05999	0.1398	0.2477	210000
	S[4,71]	0.1405	0.04816	0.05786	0.1369	0.2444	210000
	S[4,72]	0.1377	0.04788	0.05579	0.134	0.2413	210000
	S[4,73]	0.1349	0.0476	0.0538	0.1312	0.2381	210000
	S[4,74]	0.1322	0.04732	0.0519	0.1284	0.2351	210000
	S[4,75]	0.1296	0.04704	0.05001	0.1258	0.2321	210000
	S[4,76]	0.1271	0.04676	0.04822	0.1232	0.2291	210000
	S[4,77]	0.1246	0.04648	0.0465	0.1206	0.2263	210000
	S[4,78]	0.1222	0.04619	0.0447	0.1181	0.2234	210000
	S[4,79]	0.1198	0.0459	0.0431	0.1157	0.2206	210000
	S[4,80]	0.1175	0.04562	0.04158	0.1133	0.2178	210000
	S[4,81]	0.1152	0.04533	0.04007	0.111	0.2152	210000
	S[4,82]	0.113	0.04504	0.03864	0.1088	0.2127	210000
	S[4,83]	0.1109	0.04475	0.03724	0.1065	0.21	210000
	S[4,84]	0.1088	0.04446	0.03585	0.1044	0.2075	210000
	S[4,85]	0.1067	0.04418	0.03454	0.1023	0.205	210000
	S[4,86]	0.1047	0.04389	0.03328	0.1003	0.2026	210000
	S[4,87]	0.1028	0.0436	0.03207	0.09824	0.2002	210000
	S[4,88]	0.1009	0.04331	0.03089	0.09627	0.1978	210000
	S[4,89]	0.099	0.04302	0.02977	0.09435	0.1955	210000
	S[4,90]	0.09718	0.04273	0.02871	0.09246	0.1932	210000
	S[4,91]	0.0954	0.04244	0.02765	0.09061	0.1909	210000
	S[4,92]	0.09367	0.04215	0.02663	0.08884	0.1887	210000
	S[4,93]	0.09197	0.04186	0.02566	0.08708	0.1866	210000
	S[4,94]	0.0903	0.04157	0.02472	0.08537	0.1845	210000
	S[4,95]	0.08868	0.04129	0.02382	0.08369	0.1824	210000
	S[4,96]	0.08709	0.041	0.02294	0.08207	0.1803	210000
	S[4,97]	0.08554	0.04071	0.02211	0.08048	0.1783	210000
	S[4,98]	0.08402	0.04043	0.02131	0.0789	0.1763	210000
	S[4,99]	0.08254	0.04014	0.02051	0.07738	0.1743	210000
	S[4,100]	0.08109	0.03986	0.01979	0.07589	0.1725	210000
	S[4,101]	0.07967	0.03957	0.01905	0.07441	0.1706	210000
	S[4,102]	0.07828	0.03929	0.01834	0.07298	0.1688	210000
	S[4,103]	0.07692	0.03901	0.01768	0.07157	0.167	210000
	S[4,104]	0.07559	0.03873	0.01702	0.07021	0.1652	210000
	S[4,105]	0.07429	0.03845	0.01641	0.06885	0.1634	210000
	S[4,106]	0.07302	0.03817	0.01581	0.06756	0.1617	210000
	S[4,107]	0.07178	0.0379	0.01523	0.06627	0.16	210000
	S[4,108]	0.07056	0.03762	0.01467	0.06501	0.1583	210000
	S[4,109]	0.06936	0.03735	0.01413	0.06377	0.1566	210000
	S[4,110]	0.0682	0.03708	0.0136	0.06256	0.155	210000
	S[4,111]	0.06705	0.0368	0.01309	0.06137	0.1534	210000
	S[4,112]	0.06593	0.03653	0.01261	0.06023	0.1517	210000
	S[4,113]	0.06484	0.03627	0.01214	0.05908	0.1502	210000
	S[4,114]	0.06376	0.036	0.0117	0.05796	0.1487	210000
	S[4,115]	0.06271	0.03573	0.01127	0.05688	0.1471	210000
	S[4,116]	0.06168	0.03547	0.01084	0.05582	0.1456	210000
	S[4,117]	0.06068	0.03521	0.01044	0.05476	0.1442	210000
	S[4,118]	0.05969	0.03494	0.01004	0.05374	0.1427	210000
	S[4,119]	0.05872	0.03469	0.009659	0.05273	0.1413	210000
	S[4,120]	0.05777	0.03443	0.009295	0.05177	0.1398	210000
	S[5,1]	0.9664	0.01361	0.9339	0.9688	0.9856	210000
	S[5,2]	0.9371	0.02184	0.8869	0.9406	0.9695	210000
	S[5,3]	0.9102	0.0276	0.8474	0.9142	0.9524	210000
	S[5,4]	0.885	0.03187	0.8123	0.8892	0.935	210000
	S[5,5]	0.8611	0.03514	0.7815	0.8653	0.9173	210000
	S[5,6]	0.8383	0.03769	0.7535	0.8425	0.8996	210000
	S[5,7]	0.8165	0.0397	0.7278	0.8206	0.8822	210000
	S[5,8]	0.7955	0.04132	0.7044	0.7995	0.8648	210000
	S[5,9]	0.7753	0.04262	0.6815	0.7791	0.8476	210000
	S[5,10]	0.7558	0.04369	0.6605	0.7595	0.8308	210000
	S[5,11]	0.737	0.04457	0.6404	0.7404	0.8143	210000
	S[5,12]	0.7188	0.04532	0.6212	0.7221	0.7981	210000
	S[5,13]	0.7012	0.04596	0.6029	0.7043	0.7822	210000
	S[5,14]	0.6841	0.04652	0.5853	0.687	0.767	210000
	S[5,15]	0.6676	0.04703	0.5682	0.6703	0.7519	210000
	S[5,16]	0.6515	0.04751	0.5519	0.6541	0.7375	210000
	S[5,17]	0.6359	0.04795	0.5358	0.6384	0.7232	210000
	S[5,18]	0.6208	0.04839	0.5202	0.6231	0.7093	210000
	S[5,19]	0.6061	0.04882	0.5049	0.6082	0.696	210000
	S[5,20]	0.5918	0.04925	0.4901	0.5938	0.6829	210000
	S[5,21]	0.578	0.04969	0.4757	0.5797	0.6702	210000
	S[5,22]	0.5645	0.05013	0.4621	0.5661	0.6579	210000
	S[5,23]	0.5513	0.05059	0.4484	0.5528	0.646	210000
	S[5,24]	0.5386	0.05105	0.435	0.5399	0.6345	210000
	S[5,25]	0.5261	0.05152	0.4218	0.5274	0.6233	210000
	S[5,26]	0.514	0.05201	0.4091	0.5152	0.6124	210000
	S[5,27]	0.5023	0.0525	0.3964	0.5033	0.6018	210000
	S[5,28]	0.4908	0.05299	0.3843	0.4918	0.5913	210000
	S[5,29]	0.4797	0.0535	0.3723	0.4806	0.5814	210000
	S[5,30]	0.4688	0.054	0.3607	0.4697	0.5717	210000
	S[5,31]	0.4582	0.05451	0.3491	0.459	0.5624	210000
	S[5,32]	0.4479	0.05501	0.338	0.4486	0.5532	210000
	S[5,33]	0.4379	0.05551	0.3272	0.4385	0.5443	210000
	S[5,34]	0.4281	0.05601	0.3164	0.4287	0.5356	210000
	S[5,35]	0.4186	0.05649	0.3063	0.4191	0.5271	210000
	S[5,36]	0.4093	0.05697	0.2963	0.4097	0.5189	210000
	S[5,37]	0.4002	0.05744	0.2864	0.4006	0.5109	210000
	S[5,38]	0.3914	0.0579	0.2769	0.3917	0.5032	210000
	S[5,39]	0.3828	0.05834	0.2676	0.3831	0.4957	210000
	S[5,40]	0.3744	0.05877	0.2585	0.3747	0.4884	210000
	S[5,41]	0.3663	0.05919	0.2499	0.3664	0.4812	210000
	S[5,42]	0.3583	0.05959	0.2414	0.3584	0.4742	210000
	S[5,43]	0.3505	0.05997	0.2329	0.3505	0.4674	210000
	S[5,44]	0.343	0.06033	0.2248	0.3429	0.4607	210000
	S[5,45]	0.3356	0.06068	0.217	0.3354	0.4542	210000
	S[5,46]	0.3284	0.061	0.2094	0.3281	0.4478	210000
	S[5,47]	0.3213	0.06131	0.2019	0.321	0.4416	210000
	S[5,48]	0.3145	0.0616	0.1948	0.3141	0.4354	210000
	S[5,49]	0.3078	0.06187	0.1879	0.3074	0.4295	210000
	S[5,50]	0.3013	0.06212	0.1811	0.3007	0.4237	210000
	S[5,51]	0.2949	0.06235	0.1746	0.2943	0.418	210000
	S[5,52]	0.2887	0.06256	0.1684	0.288	0.4125	210000
	S[5,53]	0.2827	0.06274	0.1623	0.2818	0.407	210000
	S[5,54]	0.2767	0.06292	0.1564	0.2759	0.4016	210000
	S[5,55]	0.271	0.06307	0.1507	0.27	0.3964	210000
	S[5,56]	0.2653	0.0632	0.1452	0.2643	0.3913	210000
	S[5,57]	0.2599	0.06331	0.1399	0.2586	0.3863	210000
	S[5,58]	0.2545	0.06341	0.1346	0.2531	0.3814	210000
	S[5,59]	0.2493	0.06348	0.1296	0.2478	0.3766	210000
	S[5,60]	0.2441	0.06354	0.1248	0.2425	0.372	210000
	S[5,61]	0.2392	0.06358	0.1201	0.2374	0.3674	210000
	S[5,62]	0.2343	0.06361	0.1156	0.2325	0.3629	210000
	S[5,63]	0.2295	0.06361	0.1112	0.2276	0.3585	210000
	S[5,64]	0.2249	0.06361	0.107	0.2229	0.354	210000
	S[5,65]	0.2203	0.06358	0.103	0.2182	0.3497	210000
	S[5,66]	0.2159	0.06354	0.09899	0.2137	0.3455	210000
	S[5,67]	0.2116	0.06349	0.09518	0.2092	0.3414	210000
	S[5,68]	0.2074	0.06342	0.09143	0.2049	0.3373	210000
	S[5,69]	0.2032	0.06334	0.08784	0.2006	0.3334	210000
	S[5,70]	0.1992	0.06324	0.08453	0.1965	0.3295	210000
	S[5,71]	0.1953	0.06313	0.08124	0.1924	0.3258	210000
	S[5,72]	0.1914	0.06301	0.07813	0.1884	0.3221	210000
	S[5,73]	0.1877	0.06288	0.07506	0.1846	0.3185	210000
	S[5,74]	0.184	0.06273	0.07221	0.1808	0.3148	210000
	S[5,75]	0.1804	0.06258	0.06939	0.177	0.3114	210000
	S[5,76]	0.1769	0.06241	0.06662	0.1734	0.3078	210000
	S[5,77]	0.1735	0.06223	0.06397	0.1698	0.3044	210000
	S[5,78]	0.1701	0.06204	0.06145	0.1663	0.301	210000
	S[5,79]	0.1669	0.06184	0.05902	0.1629	0.2976	210000
	S[5,80]	0.1637	0.06164	0.05674	0.1596	0.2944	210000
	S[5,81]	0.1605	0.06142	0.05441	0.1563	0.2911	210000
	S[5,82]	0.1575	0.0612	0.05225	0.1531	0.288	210000
	S[5,83]	0.1545	0.06097	0.05016	0.15	0.2849	210000
	S[5,84]	0.1516	0.06073	0.04817	0.1469	0.2818	210000
	S[5,85]	0.1487	0.06048	0.04624	0.1439	0.2787	210000
	S[5,86]	0.1459	0.06023	0.04441	0.141	0.2758	210000
	S[5,87]	0.1432	0.05997	0.04259	0.1382	0.2729	210000
	S[5,88]	0.1405	0.05971	0.04088	0.1354	0.27	210000
	S[5,89]	0.1379	0.05943	0.03921	0.1327	0.2673	210000
	S[5,90]	0.1354	0.05916	0.03759	0.1299	0.2645	210000
	S[5,91]	0.1329	0.05888	0.03604	0.1273	0.2616	210000
	S[5,92]	0.1304	0.05859	0.03454	0.1248	0.259	210000
	S[5,93]	0.1281	0.0583	0.03313	0.1223	0.2563	210000
	S[5,94]	0.1257	0.058	0.03176	0.1198	0.2536	210000
	S[5,95]	0.1234	0.0577	0.03046	0.1174	0.251	210000
	S[5,96]	0.1212	0.0574	0.02919	0.115	0.2484	210000
	S[5,97]	0.119	0.05709	0.02801	0.1127	0.2459	210000
	S[5,98]	0.1169	0.05678	0.02686	0.1104	0.2435	210000
	S[5,99]	0.1148	0.05647	0.02574	0.1082	0.2411	210000
	S[5,100]	0.1127	0.05615	0.02467	0.106	0.2387	210000
	S[5,101]	0.1107	0.05583	0.02363	0.1039	0.2363	210000
	S[5,102]	0.1087	0.05551	0.02263	0.1018	0.2339	210000
	S[5,103]	0.1068	0.05519	0.02168	0.09977	0.2315	210000
	S[5,104]	0.1049	0.05486	0.02076	0.09781	0.2293	210000
	S[5,105]	0.1031	0.05453	0.01988	0.09584	0.2271	210000
	S[5,106]	0.1013	0.05421	0.01904	0.09392	0.2249	210000
	S[5,107]	0.09953	0.05388	0.01824	0.09204	0.2227	210000
	S[5,108]	0.09781	0.05355	0.01748	0.09021	0.2205	210000
	S[5,109]	0.09611	0.05321	0.01674	0.08843	0.2184	210000
	S[5,110]	0.09446	0.05288	0.01603	0.08665	0.2164	210000
	S[5,111]	0.09283	0.05255	0.01534	0.08494	0.2143	210000
	S[5,112]	0.09124	0.05221	0.01468	0.08324	0.2122	210000
	S[5,113]	0.08969	0.05188	0.01405	0.08159	0.2103	210000
	S[5,114]	0.08816	0.05154	0.01343	0.07998	0.2083	210000
	S[5,115]	0.08667	0.05121	0.01286	0.07837	0.2064	210000
	S[5,116]	0.0852	0.05087	0.0123	0.07684	0.2044	210000
	S[5,117]	0.08377	0.05054	0.01177	0.07534	0.2025	210000
	S[5,118]	0.08237	0.0502	0.01127	0.07385	0.2007	210000
	S[5,119]	0.08099	0.04987	0.01079	0.0724	0.1988	210000
	S[5,120]	0.07964	0.04953	0.01032	0.07099	0.1969	210000
	S[6,1]	0.9588	0.01096	0.9342	0.9602	0.9765	210000
	S[6,2]	0.9214	0.01806	0.8816	0.9234	0.9514	210000
	S[6,3]	0.8867	0.02318	0.8362	0.889	0.9258	210000
	S[6,4]	0.8539	0.02704	0.7957	0.8563	0.9002	210000
	S[6,5]	0.8229	0.03003	0.7586	0.8253	0.8749	210000
	S[6,6]	0.7933	0.03237	0.7246	0.7957	0.8499	210000
	S[6,7]	0.7651	0.03422	0.693	0.7674	0.8255	210000
	S[6,8]	0.7382	0.0357	0.6633	0.7403	0.8018	210000
	S[6,9]	0.7123	0.03688	0.6354	0.7144	0.7786	210000
	S[6,10]	0.6876	0.03784	0.6089	0.6895	0.756	210000
	S[6,11]	0.6638	0.03861	0.584	0.6656	0.734	210000
	S[6,12]	0.641	0.03924	0.5603	0.6428	0.7129	210000
	S[6,13]	0.6191	0.03975	0.5374	0.6207	0.6924	210000
	S[6,14]	0.598	0.04018	0.5158	0.5996	0.6725	210000
	S[6,15]	0.5778	0.04053	0.495	0.5792	0.6532	210000
	S[6,16]	0.5582	0.04082	0.4752	0.5595	0.6347	210000
	S[6,17]	0.5395	0.04107	0.4562	0.5407	0.6165	210000
	S[6,18]	0.5214	0.04128	0.4378	0.5225	0.5993	210000
	S[6,19]	0.504	0.04147	0.4203	0.505	0.5825	210000
	S[6,20]	0.4872	0.04162	0.4036	0.4881	0.5662	210000
	S[6,21]	0.471	0.04176	0.3874	0.4718	0.5505	210000
	S[6,22]	0.4554	0.04188	0.3719	0.4561	0.5354	210000
	S[6,23]	0.4404	0.04198	0.3571	0.441	0.5209	210000
	S[6,24]	0.4259	0.04207	0.3428	0.4264	0.5068	210000
	S[6,25]	0.4119	0.04215	0.329	0.4123	0.4932	210000
	S[6,26]	0.3985	0.04221	0.3156	0.3987	0.4802	210000
	S[6,27]	0.3855	0.04227	0.3028	0.3856	0.4676	210000
	S[6,28]	0.3729	0.04231	0.2905	0.373	0.4554	210000
	S[6,29]	0.3608	0.04233	0.2786	0.3607	0.4435	210000
	S[6,30]	0.3491	0.04235	0.2672	0.349	0.432	210000
	S[6,31]	0.3378	0.04235	0.2562	0.3376	0.421	210000
	S[6,32]	0.3269	0.04233	0.2456	0.3266	0.4103	210000
	S[6,33]	0.3164	0.04231	0.2353	0.316	0.3999	210000
	S[6,34]	0.3063	0.04227	0.2254	0.3058	0.3899	210000
	S[6,35]	0.2965	0.04221	0.216	0.2959	0.3802	210000
	S[6,36]	0.287	0.04215	0.2068	0.2864	0.3708	210000
	S[6,37]	0.2779	0.04206	0.198	0.2772	0.3617	210000
	S[6,38]	0.269	0.04197	0.1895	0.2682	0.3529	210000
	S[6,39]	0.2605	0.04185	0.1815	0.2596	0.3444	210000
	S[6,40]	0.2523	0.04173	0.1736	0.2513	0.3361	210000
	S[6,41]	0.2443	0.04159	0.1661	0.2432	0.3281	210000
	S[6,42]	0.2366	0.04144	0.159	0.2355	0.3201	210000
	S[6,43]	0.2292	0.04127	0.1521	0.228	0.3126	210000
	S[6,44]	0.222	0.04109	0.1455	0.2207	0.3053	210000
	S[6,45]	0.2151	0.04089	0.1391	0.2137	0.2982	210000
	S[6,46]	0.2084	0.04069	0.1331	0.2069	0.2912	210000
	S[6,47]	0.2019	0.04047	0.1273	0.2004	0.2844	210000
	S[6,48]	0.1956	0.04024	0.1217	0.194	0.2779	210000
	S[6,49]	0.1895	0.04	0.1163	0.1879	0.2716	210000
	S[6,50]	0.1837	0.03974	0.1112	0.182	0.2654	210000
	S[6,51]	0.178	0.03948	0.1062	0.1763	0.2595	210000
	S[6,52]	0.1725	0.0392	0.1015	0.1707	0.2537	210000
	S[6,53]	0.1672	0.03892	0.09688	0.1653	0.2481	210000
	S[6,54]	0.1621	0.03863	0.09254	0.1602	0.2426	210000
	S[6,55]	0.1572	0.03833	0.08834	0.1552	0.2372	210000
	S[6,56]	0.1524	0.03802	0.08434	0.1503	0.2319	210000
	S[6,57]	0.1477	0.0377	0.08052	0.1456	0.2269	210000
	S[6,58]	0.1433	0.03737	0.07679	0.141	0.2219	210000
	S[6,59]	0.1389	0.03704	0.07333	0.1366	0.2171	210000
	S[6,60]	0.1347	0.0367	0.06997	0.1323	0.2124	210000
	S[6,61]	0.1307	0.03636	0.06677	0.1282	0.2078	210000
	S[6,62]	0.1267	0.03601	0.06376	0.1242	0.2034	210000
	S[6,63]	0.1229	0.03566	0.06079	0.1204	0.1991	210000
	S[6,64]	0.1192	0.0353	0.05798	0.1166	0.1949	210000
	S[6,65]	0.1157	0.03494	0.05528	0.113	0.1908	210000
	S[6,66]	0.1122	0.03457	0.05268	0.1095	0.1868	210000
	S[6,67]	0.1089	0.0342	0.05024	0.1061	0.1829	210000
	S[6,68]	0.1057	0.03383	0.04788	0.1028	0.1791	210000
	S[6,69]	0.1025	0.03346	0.04564	0.09965	0.1753	210000
	S[6,70]	0.09952	0.03308	0.0435	0.09657	0.1717	210000
	S[6,71]	0.09659	0.03271	0.04144	0.09361	0.1682	210000
	S[6,72]	0.09375	0.03233	0.03949	0.09073	0.1647	210000
	S[6,73]	0.091	0.03195	0.03763	0.08791	0.1613	210000
	S[6,74]	0.08834	0.03157	0.03589	0.08521	0.158	210000
	S[6,75]	0.08577	0.03119	0.0342	0.08261	0.1548	210000
	S[6,76]	0.08327	0.0308	0.03257	0.08007	0.1517	210000
	S[6,77]	0.08085	0.03042	0.03102	0.07762	0.1487	210000
	S[6,78]	0.07851	0.03004	0.02957	0.07524	0.1457	210000
	S[6,79]	0.07624	0.02966	0.02817	0.07293	0.1428	210000
	S[6,80]	0.07405	0.02928	0.02684	0.0707	0.14	210000
	S[6,81]	0.07192	0.02891	0.02556	0.06853	0.1372	210000
	S[6,82]	0.06985	0.02853	0.02434	0.06643	0.1344	210000
	S[6,83]	0.06786	0.02815	0.02316	0.06441	0.1317	210000
	S[6,84]	0.06592	0.02778	0.02205	0.06245	0.1292	210000
	S[6,85]	0.06404	0.02741	0.02099	0.06055	0.1266	210000
	S[6,86]	0.06222	0.02704	0.01996	0.05872	0.1242	210000
	S[6,87]	0.06046	0.02667	0.01899	0.05694	0.1218	210000
	S[6,88]	0.05875	0.02631	0.01806	0.0552	0.1194	210000
	S[6,89]	0.05709	0.02595	0.01718	0.05352	0.117	210000
	S[6,90]	0.05549	0.02559	0.01632	0.0519	0.1148	210000
	S[6,91]	0.05393	0.02523	0.01554	0.05032	0.1126	210000
	S[6,92]	0.05242	0.02487	0.01479	0.04879	0.1104	210000
	S[6,93]	0.05096	0.02452	0.01407	0.04729	0.1083	210000
	S[6,94]	0.04954	0.02418	0.01338	0.04587	0.1062	210000
	S[6,95]	0.04816	0.02383	0.01272	0.04449	0.1042	210000
	S[6,96]	0.04683	0.02349	0.01209	0.04315	0.1023	210000
	S[6,97]	0.04553	0.02315	0.0115	0.04184	0.1003	210000
	S[6,98]	0.04428	0.02281	0.01092	0.04057	0.09841	210000
	S[6,99]	0.04306	0.02248	0.01038	0.03934	0.09657	210000
	S[6,100]	0.04188	0.02215	0.009859	0.03814	0.09476	210000
	S[6,101]	0.04073	0.02183	0.00937	0.03698	0.09301	210000
	S[6,102]	0.03962	0.02151	0.008909	0.03587	0.09124	210000
	S[6,103]	0.03854	0.02119	0.008471	0.03479	0.08952	210000
	S[6,104]	0.03749	0.02088	0.008056	0.03373	0.08787	210000
	S[6,105]	0.03648	0.02057	0.007642	0.03272	0.08623	210000
	S[6,106]	0.03549	0.02026	0.007265	0.03173	0.08463	210000
	S[6,107]	0.03453	0.01996	0.00689	0.03077	0.08302	210000
	S[6,108]	0.03361	0.01966	0.006536	0.02985	0.08148	210000
	S[6,109]	0.0327	0.01936	0.006199	0.02896	0.08001	210000
	S[6,110]	0.03183	0.01907	0.005885	0.02809	0.07857	210000
	S[6,111]	0.03098	0.01878	0.005583	0.02724	0.07711	210000
	S[6,112]	0.03015	0.01849	0.005299	0.02642	0.07569	210000
	S[6,113]	0.02935	0.01821	0.005031	0.02562	0.07433	210000
	S[6,114]	0.02858	0.01794	0.004777	0.02484	0.07299	210000
	S[6,115]	0.02782	0.01766	0.004536	0.0241	0.07167	210000
	S[6,116]	0.02709	0.01739	0.00431	0.02338	0.0704	210000
	S[6,117]	0.02637	0.01713	0.00409	0.02268	0.06909	210000
	S[6,118]	0.02568	0.01687	0.003882	0.022	0.06786	210000
	S[6,119]	0.02501	0.01661	0.003684	0.02134	0.06667	210000
	S[6,120]	0.02436	0.01635	0.003493	0.02071	0.06548	210000
	S[7,1]	0.9747	0.01355	0.9412	0.9776	0.9925	210000
	S[7,2]	0.9513	0.02235	0.8979	0.9555	0.9823	210000
	S[7,3]	0.9288	0.02882	0.8607	0.9338	0.9705	210000
	S[7,4]	0.9071	0.0338	0.8283	0.9124	0.9576	210000
	S[7,5]	0.886	0.03773	0.799	0.8915	0.9437	210000
	S[7,6]	0.8655	0.04086	0.7723	0.871	0.9293	210000
	S[7,7]	0.8454	0.04338	0.7473	0.8509	0.9143	210000
	S[7,8]	0.8258	0.04541	0.7238	0.8312	0.899	210000
	S[7,9]	0.8066	0.04705	0.7016	0.8118	0.8834	210000
	S[7,10]	0.7879	0.04839	0.6805	0.7928	0.8678	210000
	S[7,11]	0.7695	0.04948	0.6605	0.7743	0.8522	210000
	S[7,12]	0.7516	0.05037	0.641	0.7562	0.8366	210000
	S[7,13]	0.734	0.05111	0.6223	0.7385	0.8213	210000
	S[7,14]	0.7169	0.05174	0.6046	0.7211	0.8062	210000
	S[7,15]	0.7001	0.05229	0.5872	0.7041	0.7909	210000
	S[7,16]	0.6836	0.05278	0.5706	0.6874	0.7761	210000
	S[7,17]	0.6676	0.05323	0.5542	0.671	0.7617	210000
	S[7,18]	0.6518	0.05366	0.5382	0.655	0.7476	210000
	S[7,19]	0.6365	0.05409	0.5227	0.6395	0.7337	210000
	S[7,20]	0.6214	0.05453	0.5075	0.6242	0.7203	210000
	S[7,21]	0.6068	0.05498	0.4924	0.6092	0.7069	210000
	S[7,22]	0.5924	0.05545	0.4779	0.5946	0.6939	210000
	S[7,23]	0.5784	0.05595	0.4634	0.5804	0.6814	210000
	S[7,24]	0.5646	0.05648	0.4494	0.5665	0.6691	210000
	S[7,25]	0.5512	0.05703	0.4353	0.5531	0.657	210000
	S[7,26]	0.5382	0.05762	0.4215	0.5398	0.6456	210000
	S[7,27]	0.5254	0.05823	0.4078	0.527	0.6344	210000
	S[7,28]	0.5129	0.05886	0.3943	0.5144	0.6234	210000
	S[7,29]	0.5007	0.05952	0.3812	0.5021	0.6126	210000
	S[7,30]	0.4888	0.06019	0.368	0.4901	0.6023	210000
	S[7,31]	0.4771	0.06088	0.3552	0.4784	0.5922	210000
	S[7,32]	0.4658	0.06157	0.3427	0.4669	0.5825	210000
	S[7,33]	0.4547	0.06227	0.3305	0.4558	0.573	210000
	S[7,34]	0.4439	0.06297	0.3184	0.4448	0.5638	210000
	S[7,35]	0.4333	0.06367	0.3066	0.4342	0.5549	210000
	S[7,36]	0.423	0.06437	0.2952	0.4238	0.5461	210000
	S[7,37]	0.413	0.06505	0.2841	0.4138	0.5374	210000
	S[7,38]	0.4032	0.06572	0.2731	0.404	0.5291	210000
	S[7,39]	0.3936	0.06638	0.2625	0.3944	0.5209	210000
	S[7,40]	0.3843	0.06702	0.252	0.3851	0.5129	210000
	S[7,41]	0.3752	0.06763	0.2419	0.376	0.5052	210000
	S[7,42]	0.3663	0.06823	0.2321	0.367	0.4975	210000
	S[7,43]	0.3577	0.0688	0.2226	0.3583	0.4901	210000
	S[7,44]	0.3492	0.06934	0.2135	0.3499	0.4828	210000
	S[7,45]	0.341	0.06985	0.2046	0.3415	0.4759	210000
	S[7,46]	0.333	0.07034	0.1957	0.3334	0.469	210000
	S[7,47]	0.3251	0.0708	0.1874	0.3255	0.4623	210000
	S[7,48]	0.3175	0.07123	0.1792	0.3177	0.456	210000
	S[7,49]	0.3101	0.07162	0.1713	0.3102	0.4496	210000
	S[7,50]	0.3028	0.07199	0.1637	0.3028	0.4434	210000
	S[7,51]	0.2958	0.07232	0.1565	0.2957	0.4373	210000
	S[7,52]	0.2889	0.07263	0.1495	0.2887	0.4314	210000
	S[7,53]	0.2822	0.0729	0.1428	0.2818	0.4256	210000
	S[7,54]	0.2756	0.07314	0.1364	0.275	0.4199	210000
	S[7,55]	0.2692	0.07335	0.1301	0.2685	0.4143	210000
	S[7,56]	0.263	0.07353	0.1239	0.2622	0.4088	210000
	S[7,57]	0.2569	0.07368	0.118	0.2559	0.4034	210000
	S[7,58]	0.251	0.07381	0.1124	0.2499	0.3981	210000
	S[7,59]	0.2453	0.0739	0.1071	0.2439	0.393	210000
	S[7,60]	0.2397	0.07397	0.1019	0.2381	0.3879	210000
	S[7,61]	0.2342	0.074	0.09691	0.2325	0.3832	210000
	S[7,62]	0.2289	0.07402	0.0922	0.2269	0.3784	210000
	S[7,63]	0.2237	0.074	0.08767	0.2216	0.3735	210000
	S[7,64]	0.2186	0.07396	0.08336	0.2163	0.3689	210000
	S[7,65]	0.2137	0.0739	0.07925	0.2111	0.3643	210000
	S[7,66]	0.2089	0.07382	0.07544	0.2061	0.3597	210000
	S[7,67]	0.2042	0.07371	0.07163	0.2012	0.3554	210000
	S[7,68]	0.1996	0.07358	0.06801	0.1964	0.351	210000
	S[7,69]	0.1951	0.07343	0.06454	0.1918	0.3466	210000
	S[7,70]	0.1908	0.07326	0.06125	0.1872	0.3425	210000
	S[7,71]	0.1866	0.07307	0.05807	0.1828	0.3383	210000
	S[7,72]	0.1824	0.07286	0.055	0.1785	0.3342	210000
	S[7,73]	0.1784	0.07264	0.05206	0.1743	0.3302	210000
	S[7,74]	0.1745	0.0724	0.04934	0.1702	0.3264	210000
	S[7,75]	0.1707	0.07214	0.04674	0.1661	0.3227	210000
	S[7,76]	0.167	0.07187	0.04425	0.1622	0.3189	210000
	S[7,77]	0.1633	0.07158	0.04185	0.1583	0.3153	210000
	S[7,78]	0.1598	0.07128	0.03965	0.1546	0.3117	210000
	S[7,79]	0.1563	0.07097	0.03755	0.1509	0.3082	210000
	S[7,80]	0.153	0.07064	0.03555	0.1473	0.3048	210000
	S[7,81]	0.1497	0.07031	0.03359	0.1438	0.3014	210000
	S[7,82]	0.1465	0.06996	0.03172	0.1404	0.2979	210000
	S[7,83]	0.1434	0.0696	0.0299	0.137	0.2945	210000
	S[7,84]	0.1403	0.06923	0.02824	0.1338	0.2912	210000
	S[7,85]	0.1374	0.06886	0.02667	0.1306	0.288	210000
	S[7,86]	0.1345	0.06847	0.02519	0.1275	0.2848	210000
	S[7,87]	0.1316	0.06808	0.02376	0.1244	0.2817	210000
	S[7,88]	0.1289	0.06768	0.02244	0.1215	0.2787	210000
	S[7,89]	0.1262	0.06728	0.02114	0.1185	0.2757	210000
	S[7,90]	0.1236	0.06687	0.01993	0.1157	0.2727	210000
	S[7,91]	0.121	0.06645	0.01876	0.1129	0.2698	210000
	S[7,92]	0.1185	0.06603	0.01766	0.1102	0.267	210000
	S[7,93]	0.1161	0.0656	0.01663	0.1076	0.2641	210000
	S[7,94]	0.1137	0.06517	0.01564	0.105	0.2613	210000
	S[7,95]	0.1114	0.06473	0.01473	0.1025	0.2586	210000
	S[7,96]	0.1091	0.0643	0.01385	0.1001	0.2559	210000
	S[7,97]	0.1069	0.06385	0.01305	0.09772	0.2533	210000
	S[7,98]	0.1048	0.06341	0.01227	0.09539	0.2508	210000
	S[7,99]	0.1027	0.06296	0.01151	0.09311	0.2481	210000
	S[7,100]	0.1006	0.06251	0.0108	0.09088	0.2456	210000
	S[7,101]	0.09862	0.06206	0.01016	0.0887	0.243	210000
	S[7,102]	0.09667	0.06161	0.009554	0.08658	0.2405	210000
	S[7,103]	0.09476	0.06116	0.00898	0.08451	0.238	210000
	S[7,104]	0.0929	0.0607	0.008453	0.08251	0.2356	210000
	S[7,105]	0.09108	0.06025	0.007925	0.08055	0.2332	210000
	S[7,106]	0.0893	0.05979	0.007452	0.07864	0.2308	210000
	S[7,107]	0.08756	0.05934	0.006994	0.07675	0.2285	210000
	S[7,108]	0.08587	0.05888	0.006568	0.07489	0.226	210000
	S[7,109]	0.08421	0.05843	0.006151	0.07311	0.2238	210000
	S[7,110]	0.0826	0.05798	0.005764	0.07136	0.2216	210000
	S[7,111]	0.08102	0.05752	0.005405	0.06965	0.2193	210000
	S[7,112]	0.07948	0.05707	0.005063	0.06799	0.2172	210000
	S[7,113]	0.07797	0.05662	0.004747	0.06637	0.215	210000
	S[7,114]	0.0765	0.05617	0.004437	0.06477	0.2129	210000
	S[7,115]	0.07506	0.05572	0.004146	0.06322	0.2108	210000
	S[7,116]	0.07365	0.05527	0.003877	0.0617	0.2087	210000
	S[7,117]	0.07228	0.05483	0.003632	0.0602	0.2064	210000
	S[7,118]	0.07093	0.05438	0.003401	0.05876	0.2044	210000
	S[7,119]	0.06962	0.05394	0.003179	0.05735	0.2025	210000
	S[7,120]	0.06834	0.0535	0.002974	0.05596	0.2006	210000
	S[8,1]	0.9352	0.02227	0.8831	0.939	0.9675	210000
	S[8,2]	0.8884	0.03354	0.8115	0.8933	0.9389	210000
	S[8,3]	0.8499	0.04061	0.7578	0.8553	0.9127	210000
	S[8,4]	0.8167	0.04543	0.7145	0.8223	0.8884	210000
	S[8,5]	0.7872	0.04886	0.6783	0.7927	0.8655	210000
	S[8,6]	0.7605	0.05137	0.647	0.7658	0.8439	210000
	S[8,7]	0.736	0.05321	0.6193	0.7412	0.8235	210000
	S[8,8]	0.7134	0.05458	0.5943	0.7184	0.8041	210000
	S[8,9]	0.6924	0.05559	0.5718	0.6972	0.7856	210000
	S[8,10]	0.6727	0.05631	0.5509	0.6772	0.7679	210000
	S[8,11]	0.6541	0.05682	0.532	0.6585	0.751	210000
	S[8,12]	0.6366	0.05717	0.5144	0.6407	0.7347	210000
	S[8,13]	0.6201	0.05737	0.498	0.624	0.719	210000
	S[8,14]	0.6043	0.05748	0.4828	0.6081	0.7042	210000
	S[8,15]	0.5893	0.05749	0.4683	0.5929	0.6898	210000
	S[8,16]	0.575	0.05744	0.4548	0.5785	0.676	210000
	S[8,17]	0.5613	0.05734	0.4418	0.5646	0.6626	210000
	S[8,18]	0.5482	0.05719	0.4296	0.5514	0.6499	210000
	S[8,19]	0.5357	0.05701	0.418	0.5386	0.6375	210000
	S[8,20]	0.5236	0.05681	0.4068	0.5262	0.6257	210000
	S[8,21]	0.512	0.05659	0.3961	0.5144	0.6141	210000
	S[8,22]	0.5008	0.05635	0.3857	0.503	0.603	210000
	S[8,23]	0.49	0.0561	0.376	0.492	0.5923	210000
	S[8,24]	0.4797	0.05585	0.3665	0.4814	0.582	210000
	S[8,25]	0.4696	0.05559	0.3574	0.4712	0.5719	210000
	S[8,26]	0.4599	0.05533	0.3487	0.4613	0.562	210000
	S[8,27]	0.4506	0.05507	0.3403	0.4518	0.5527	210000
	S[8,28]	0.4415	0.05481	0.3321	0.4426	0.5438	210000
	S[8,29]	0.4327	0.05456	0.3241	0.4336	0.5349	210000
	S[8,30]	0.4242	0.05431	0.3166	0.425	0.5261	210000
	S[8,31]	0.416	0.05406	0.3089	0.4167	0.5178	210000
	S[8,32]	0.408	0.05382	0.3015	0.4086	0.5098	210000
	S[8,33]	0.4002	0.05358	0.2945	0.4008	0.5019	210000
	S[8,34]	0.3926	0.05335	0.2877	0.3931	0.4943	210000
	S[8,35]	0.3853	0.05313	0.2809	0.3857	0.4868	210000
	S[8,36]	0.3782	0.05291	0.2745	0.3785	0.4795	210000
	S[8,37]	0.3713	0.05269	0.2682	0.3715	0.4725	210000
	S[8,38]	0.3645	0.05249	0.2621	0.3647	0.4657	210000
	S[8,39]	0.358	0.05229	0.2561	0.3581	0.4591	210000
	S[8,40]	0.3516	0.05209	0.2505	0.3516	0.4527	210000
	S[8,41]	0.3454	0.0519	0.245	0.3453	0.4462	210000
	S[8,42]	0.3393	0.05171	0.2396	0.3391	0.4401	210000
	S[8,43]	0.3335	0.05153	0.2342	0.3332	0.434	210000
	S[8,44]	0.3277	0.05136	0.229	0.3274	0.4282	210000
	S[8,45]	0.3221	0.05119	0.2239	0.3217	0.4224	210000
	S[8,46]	0.3166	0.05102	0.219	0.3161	0.4168	210000
	S[8,47]	0.3113	0.05086	0.2141	0.3107	0.4112	210000
	S[8,48]	0.3061	0.0507	0.2094	0.3054	0.4058	210000
	S[8,49]	0.301	0.05054	0.2048	0.3002	0.4006	210000
	S[8,50]	0.2961	0.05039	0.2003	0.2952	0.3956	210000
	S[8,51]	0.2912	0.05024	0.1959	0.2902	0.3907	210000
	S[8,52]	0.2865	0.05009	0.1919	0.2854	0.3859	210000
	S[8,53]	0.2819	0.04995	0.1878	0.2807	0.3812	210000
	S[8,54]	0.2773	0.04981	0.1837	0.2762	0.3766	210000
	S[8,55]	0.2729	0.04967	0.1798	0.2717	0.3721	210000
	S[8,56]	0.2686	0.04953	0.1757	0.2673	0.3674	210000
	S[8,57]	0.2644	0.04939	0.1719	0.263	0.3634	210000
	S[8,58]	0.2603	0.04926	0.1682	0.2589	0.3591	210000
	S[8,59]	0.2562	0.04912	0.1645	0.2548	0.355	210000
	S[8,60]	0.2523	0.04899	0.1609	0.2508	0.3512	210000
	S[8,61]	0.2484	0.04886	0.1575	0.2469	0.3473	210000
	S[8,62]	0.2446	0.04873	0.1541	0.2431	0.3434	210000
	S[8,63]	0.2409	0.0486	0.1508	0.2394	0.3397	210000
	S[8,64]	0.2373	0.04847	0.1475	0.2357	0.3359	210000
	S[8,65]	0.2337	0.04835	0.1444	0.2321	0.3323	210000
	S[8,66]	0.2302	0.04822	0.1412	0.2286	0.3286	210000
	S[8,67]	0.2268	0.04809	0.1382	0.2251	0.3252	210000
	S[8,68]	0.2235	0.04796	0.1352	0.2217	0.3218	210000
	S[8,69]	0.2202	0.04784	0.1323	0.2184	0.3183	210000
	S[8,70]	0.217	0.04771	0.1295	0.2151	0.315	210000
	S[8,71]	0.2139	0.04758	0.1267	0.212	0.3116	210000
	S[8,72]	0.2108	0.04746	0.124	0.2088	0.3084	210000
	S[8,73]	0.2078	0.04733	0.1214	0.2058	0.3052	210000
	S[8,74]	0.2048	0.0472	0.1187	0.2028	0.3021	210000
	S[8,75]	0.2019	0.04707	0.1162	0.1999	0.2991	210000
	S[8,76]	0.1991	0.04695	0.1138	0.197	0.2962	210000
	S[8,77]	0.1963	0.04682	0.1114	0.1941	0.2933	210000
	S[8,78]	0.1935	0.04669	0.109	0.1914	0.2903	210000
	S[8,79]	0.1908	0.04656	0.1067	0.1886	0.2877	210000
	S[8,80]	0.1882	0.04643	0.1044	0.186	0.2848	210000
	S[8,81]	0.1856	0.0463	0.1022	0.1833	0.2821	210000
	S[8,82]	0.1831	0.04617	0.1	0.1808	0.2793	210000
	S[8,83]	0.1806	0.04604	0.09787	0.1782	0.2766	210000
	S[8,84]	0.1781	0.04591	0.09582	0.1757	0.274	210000
	S[8,85]	0.1757	0.04578	0.09379	0.1733	0.2713	210000
	S[8,86]	0.1733	0.04564	0.09181	0.1708	0.269	210000
	S[8,87]	0.171	0.04551	0.08982	0.1685	0.2665	210000
	S[8,88]	0.1688	0.04537	0.08793	0.1661	0.2639	210000
	S[8,89]	0.1665	0.04524	0.08608	0.1639	0.2614	210000
	S[8,90]	0.1643	0.04511	0.08424	0.1616	0.2591	210000
	S[8,91]	0.1622	0.04497	0.08251	0.1594	0.2569	210000
	S[8,92]	0.16	0.04483	0.08077	0.1573	0.2545	210000
	S[8,93]	0.158	0.0447	0.07905	0.1552	0.2522	210000
	S[8,94]	0.1559	0.04456	0.07736	0.1531	0.25	210000
	S[8,95]	0.1539	0.04442	0.07574	0.1511	0.2477	210000
	S[8,96]	0.1519	0.04428	0.07415	0.149	0.2456	210000
	S[8,97]	0.15	0.04414	0.07258	0.147	0.2434	210000
	S[8,98]	0.1481	0.044	0.07109	0.1451	0.2413	210000
	S[8,99]	0.1462	0.04386	0.0696	0.1432	0.2392	210000
	S[8,100]	0.1444	0.04372	0.06817	0.1413	0.2372	210000
	S[8,101]	0.1425	0.04358	0.06671	0.1395	0.2352	210000
	S[8,102]	0.1408	0.04344	0.06531	0.1376	0.2333	210000
	S[8,103]	0.139	0.0433	0.06396	0.1358	0.2314	210000
	S[8,104]	0.1373	0.04315	0.06262	0.1341	0.2294	210000
	S[8,105]	0.1356	0.04301	0.06133	0.1323	0.2276	210000
	S[8,106]	0.1339	0.04287	0.06006	0.1306	0.2257	210000
	S[8,107]	0.1323	0.04272	0.05879	0.1289	0.2238	210000
	S[8,108]	0.1306	0.04258	0.0576	0.1273	0.2222	210000
	S[8,109]	0.1291	0.04244	0.05643	0.1257	0.2203	210000
	S[8,110]	0.1275	0.04229	0.05523	0.124	0.2185	210000
	S[8,111]	0.126	0.04214	0.05408	0.1225	0.2167	210000
	S[8,112]	0.1244	0.042	0.05299	0.1209	0.2149	210000
	S[8,113]	0.1229	0.04185	0.0519	0.1194	0.2132	210000
	S[8,114]	0.1215	0.04171	0.05079	0.1179	0.2116	210000
	S[8,115]	0.12	0.04156	0.04975	0.1164	0.2099	210000
	S[8,116]	0.1186	0.04141	0.04875	0.115	0.2082	210000
	S[8,117]	0.1172	0.04127	0.04773	0.1136	0.2066	210000
	S[8,118]	0.1158	0.04112	0.04674	0.1121	0.205	210000
	S[8,119]	0.1145	0.04097	0.04579	0.1107	0.2034	210000
	S[8,120]	0.1131	0.04082	0.04487	0.1094	0.2018	210000
	S[9,1]	0.9488	0.0117	0.9227	0.95	0.9683	210000
	S[9,2]	0.9122	0.01772	0.8734	0.9137	0.9423	210000
	S[9,3]	0.8823	0.02156	0.8357	0.8839	0.9194	210000
	S[9,4]	0.8565	0.02423	0.8044	0.8582	0.8988	210000
	S[9,5]	0.8336	0.0262	0.7777	0.8353	0.8799	210000
	S[9,6]	0.8129	0.02769	0.7541	0.8145	0.8622	210000
	S[9,7]	0.7939	0.02883	0.733	0.7954	0.8456	210000
	S[9,8]	0.7762	0.02973	0.7138	0.7777	0.8299	210000
	S[9,9]	0.7598	0.03044	0.6962	0.7612	0.8151	210000
	S[9,10]	0.7444	0.031	0.6797	0.7457	0.8009	210000
	S[9,11]	0.7298	0.03146	0.6644	0.731	0.7874	210000
	S[9,12]	0.716	0.03182	0.6502	0.7172	0.7745	210000
	S[9,13]	0.7029	0.03211	0.6368	0.704	0.762	210000
	S[9,14]	0.6904	0.03235	0.6241	0.6914	0.7502	210000
	S[9,15]	0.6784	0.03254	0.6118	0.6794	0.7388	210000
	S[9,16]	0.667	0.03269	0.6003	0.6679	0.7278	210000
	S[9,17]	0.656	0.03282	0.5892	0.6568	0.7173	210000
	S[9,18]	0.6454	0.03292	0.5786	0.6462	0.707	210000
	S[9,19]	0.6352	0.033	0.5684	0.636	0.6972	210000
	S[9,20]	0.6254	0.03307	0.5587	0.6261	0.6877	210000
	S[9,21]	0.6159	0.03313	0.5492	0.6166	0.6784	210000
	S[9,22]	0.6068	0.03317	0.5402	0.6074	0.6695	210000
	S[9,23]	0.5979	0.03322	0.5314	0.5984	0.6609	210000
	S[9,24]	0.5893	0.03326	0.5229	0.5898	0.6525	210000
	S[9,25]	0.5809	0.03329	0.5146	0.5814	0.6444	210000
	S[9,26]	0.5728	0.03333	0.5066	0.5732	0.6364	210000
	S[9,27]	0.5649	0.03336	0.4987	0.5653	0.6287	210000
	S[9,28]	0.5573	0.03339	0.4911	0.5576	0.6212	210000
	S[9,29]	0.5498	0.03343	0.4836	0.5501	0.614	210000
	S[9,30]	0.5426	0.03347	0.4764	0.5428	0.6069	210000
	S[9,31]	0.5355	0.0335	0.4693	0.5357	0.6001	210000
	S[9,32]	0.5286	0.03355	0.4626	0.5288	0.5934	210000
	S[9,33]	0.5219	0.03359	0.4559	0.5221	0.5869	210000
	S[9,34]	0.5154	0.03363	0.4493	0.5155	0.5805	210000
	S[9,35]	0.509	0.03368	0.443	0.5091	0.5742	210000
	S[9,36]	0.5027	0.03374	0.4367	0.5028	0.5682	210000
	S[9,37]	0.4966	0.03379	0.4306	0.4967	0.5623	210000
	S[9,38]	0.4906	0.03385	0.4246	0.4907	0.5566	210000
	S[9,39]	0.4848	0.03391	0.4187	0.4848	0.5509	210000
	S[9,40]	0.4791	0.03397	0.413	0.479	0.5454	210000
	S[9,41]	0.4735	0.03404	0.4073	0.4734	0.54	210000
	S[9,42]	0.468	0.03411	0.4018	0.468	0.5347	210000
	S[9,43]	0.4627	0.03418	0.3964	0.4626	0.5295	210000
	S[9,44]	0.4574	0.03425	0.391	0.4573	0.5244	210000
	S[9,45]	0.4523	0.03433	0.3857	0.4521	0.5196	210000
	S[9,46]	0.4473	0.03441	0.3806	0.4471	0.5147	210000
	S[9,47]	0.4423	0.03449	0.3756	0.4421	0.5099	210000
	S[9,48]	0.4375	0.03457	0.3706	0.4373	0.5053	210000
	S[9,49]	0.4327	0.03465	0.3657	0.4325	0.5009	210000
	S[9,50]	0.428	0.03474	0.3609	0.4278	0.4964	210000
	S[9,51]	0.4235	0.03483	0.3562	0.4232	0.492	210000
	S[9,52]	0.419	0.03491	0.3516	0.4187	0.4878	210000
	S[9,53]	0.4146	0.035	0.347	0.4143	0.4836	210000
	S[9,54]	0.4102	0.03509	0.3426	0.4099	0.4796	210000
	S[9,55]	0.406	0.03518	0.3382	0.4056	0.4756	210000
	S[9,56]	0.4018	0.03528	0.334	0.4014	0.4716	210000
	S[9,57]	0.3977	0.03537	0.3296	0.3974	0.4677	210000
	S[9,58]	0.3936	0.03546	0.3254	0.3933	0.4639	210000
	S[9,59]	0.3897	0.03555	0.3213	0.3893	0.4602	210000
	S[9,60]	0.3858	0.03565	0.3172	0.3854	0.4565	210000
	S[9,61]	0.3819	0.03574	0.3132	0.3816	0.453	210000
	S[9,62]	0.3782	0.03583	0.3093	0.3778	0.4494	210000
	S[9,63]	0.3744	0.03592	0.3056	0.3741	0.446	210000
	S[9,64]	0.3708	0.03602	0.3018	0.3704	0.4425	210000
	S[9,65]	0.3672	0.03611	0.2981	0.3668	0.4392	210000
	S[9,66]	0.3636	0.0362	0.2944	0.3633	0.4359	210000
	S[9,67]	0.3602	0.03629	0.2907	0.3597	0.4326	210000
	S[9,68]	0.3567	0.03638	0.2871	0.3563	0.4294	210000
	S[9,69]	0.3533	0.03647	0.2836	0.3529	0.4262	210000
	S[9,70]	0.35	0.03656	0.2801	0.3495	0.4232	210000
	S[9,71]	0.3467	0.03665	0.2767	0.3462	0.4202	210000
	S[9,72]	0.3435	0.03674	0.2734	0.343	0.4172	210000
	S[9,73]	0.3403	0.03683	0.2701	0.3398	0.4142	210000
	S[9,74]	0.3372	0.03691	0.2668	0.3366	0.4113	210000
	S[9,75]	0.3341	0.037	0.2636	0.3335	0.4083	210000
	S[9,76]	0.3311	0.03708	0.2604	0.3305	0.4055	210000
	S[9,77]	0.3281	0.03717	0.2573	0.3274	0.4027	210000
	S[9,78]	0.3251	0.03725	0.2541	0.3245	0.4	210000
	S[9,79]	0.3222	0.03733	0.2511	0.3215	0.3973	210000
	S[9,80]	0.3193	0.03741	0.2482	0.3187	0.3946	210000
	S[9,81]	0.3165	0.03749	0.2452	0.3158	0.392	210000
	S[9,82]	0.3137	0.03757	0.2424	0.313	0.3893	210000
	S[9,83]	0.3109	0.03764	0.2395	0.3103	0.3868	210000
	S[9,84]	0.3082	0.03772	0.2367	0.3075	0.3842	210000
	S[9,85]	0.3056	0.03779	0.2339	0.3048	0.3817	210000
	S[9,86]	0.3029	0.03786	0.2312	0.3022	0.3793	210000
	S[9,87]	0.3003	0.03793	0.2285	0.2996	0.3769	210000
	S[9,88]	0.2977	0.038	0.2259	0.297	0.3745	210000
	S[9,89]	0.2952	0.03807	0.2232	0.2945	0.3721	210000
	S[9,90]	0.2927	0.03813	0.2207	0.2919	0.3698	210000
	S[9,91]	0.2902	0.0382	0.2181	0.2894	0.3675	210000
	S[9,92]	0.2878	0.03826	0.2156	0.287	0.3652	210000
	S[9,93]	0.2853	0.03833	0.2131	0.2845	0.3629	210000
	S[9,94]	0.283	0.03839	0.2107	0.2821	0.3606	210000
	S[9,95]	0.2806	0.03844	0.2083	0.2798	0.3585	210000
	S[9,96]	0.2783	0.0385	0.2059	0.2774	0.3562	210000
	S[9,97]	0.276	0.03856	0.2035	0.2751	0.354	210000
	S[9,98]	0.2737	0.03861	0.2012	0.2729	0.3519	210000
	S[9,99]	0.2715	0.03867	0.1988	0.2706	0.3498	210000
	S[9,100]	0.2693	0.03872	0.1966	0.2684	0.3477	210000
	S[9,101]	0.2671	0.03877	0.1944	0.2662	0.3456	210000
	S[9,102]	0.265	0.03882	0.1922	0.2641	0.3436	210000
	S[9,103]	0.2628	0.03887	0.19	0.2619	0.3416	210000
	S[9,104]	0.2607	0.03891	0.1878	0.2598	0.3396	210000
	S[9,105]	0.2587	0.03896	0.1857	0.2577	0.3376	210000
	S[9,106]	0.2566	0.039	0.1836	0.2556	0.3357	210000
	S[9,107]	0.2546	0.03904	0.1815	0.2536	0.3338	210000
	S[9,108]	0.2526	0.03908	0.1795	0.2516	0.3319	210000
	S[9,109]	0.2506	0.03912	0.1775	0.2496	0.3301	210000
	S[9,110]	0.2486	0.03916	0.1755	0.2476	0.3282	210000
	S[9,111]	0.2467	0.03919	0.1736	0.2457	0.3264	210000
	S[9,112]	0.2448	0.03923	0.1716	0.2437	0.3246	210000
	S[9,113]	0.2429	0.03926	0.1697	0.2418	0.3228	210000
	S[9,114]	0.241	0.03929	0.1678	0.2399	0.321	210000
	S[9,115]	0.2392	0.03932	0.166	0.2381	0.3192	210000
	S[9,116]	0.2374	0.03935	0.1642	0.2362	0.3175	210000
	S[9,117]	0.2356	0.03938	0.1624	0.2344	0.3158	210000
	S[9,118]	0.2338	0.03941	0.1605	0.2326	0.3142	210000
	S[9,119]	0.232	0.03943	0.1588	0.2308	0.3125	210000
	S[9,120]	0.2303	0.03946	0.1571	0.229	0.3108	210000
	S[10,1]	0.935	0.02235	0.8823	0.9386	0.9678	210000
	S[10,2]	0.8941	0.0322	0.8192	0.8988	0.9429	210000
	S[10,3]	0.8631	0.03798	0.776	0.8682	0.9219	210000
	S[10,4]	0.8376	0.04181	0.7429	0.8429	0.9035	210000
	S[10,5]	0.8158	0.0445	0.7159	0.8211	0.8868	210000
	S[10,6]	0.7966	0.04646	0.6929	0.802	0.8716	210000
	S[10,7]	0.7793	0.04793	0.6732	0.7846	0.8575	210000
	S[10,8]	0.7637	0.04905	0.6556	0.769	0.8444	210000
	S[10,9]	0.7493	0.04992	0.64	0.7545	0.832	210000
	S[10,10]	0.736	0.05058	0.6255	0.7411	0.8203	210000
	S[10,11]	0.7236	0.0511	0.6124	0.7286	0.8094	210000
	S[10,12]	0.712	0.0515	0.6003	0.7168	0.7989	210000
	S[10,13]	0.701	0.05181	0.5892	0.7058	0.7889	210000
	S[10,14]	0.6907	0.05205	0.5789	0.6953	0.7795	210000
	S[10,15]	0.6808	0.05222	0.5691	0.6853	0.7704	210000
	S[10,16]	0.6715	0.05235	0.5598	0.6758	0.7617	210000
	S[10,17]	0.6626	0.05244	0.551	0.6668	0.7533	210000
	S[10,18]	0.654	0.0525	0.5429	0.6582	0.7451	210000
	S[10,19]	0.6458	0.05253	0.5348	0.6498	0.7373	210000
	S[10,20]	0.638	0.05255	0.5271	0.6418	0.7299	210000
	S[10,21]	0.6304	0.05254	0.5197	0.6342	0.7227	210000
	S[10,22]	0.6231	0.05253	0.5127	0.6268	0.7158	210000
	S[10,23]	0.6161	0.0525	0.5061	0.6196	0.7088	210000
	S[10,24]	0.6093	0.05247	0.4996	0.6127	0.7022	210000
	S[10,25]	0.6027	0.05243	0.4934	0.606	0.6959	210000
	S[10,26]	0.5963	0.05239	0.4874	0.5995	0.6897	210000
	S[10,27]	0.5902	0.05235	0.4817	0.5933	0.6837	210000
	S[10,28]	0.5842	0.0523	0.4764	0.5872	0.6779	210000
	S[10,29]	0.5784	0.05226	0.4708	0.5813	0.6722	210000
	S[10,30]	0.5727	0.05221	0.4653	0.5755	0.6667	210000
	S[10,31]	0.5672	0.05217	0.4602	0.5699	0.6613	210000
	S[10,32]	0.5619	0.05213	0.455	0.5645	0.6562	210000
	S[10,33]	0.5567	0.05208	0.45	0.5591	0.6512	210000
	S[10,34]	0.5516	0.05205	0.4451	0.5539	0.6463	210000
	S[10,35]	0.5466	0.05201	0.4404	0.5488	0.6416	210000
	S[10,36]	0.5418	0.05198	0.4359	0.5439	0.6369	210000
	S[10,37]	0.537	0.05195	0.4312	0.5391	0.6324	210000
	S[10,38]	0.5324	0.05192	0.4265	0.5345	0.628	210000
	S[10,39]	0.5279	0.0519	0.4222	0.5299	0.6235	210000
	S[10,40]	0.5235	0.05188	0.4178	0.5254	0.6193	210000
	S[10,41]	0.5192	0.05187	0.4136	0.521	0.6151	210000
	S[10,42]	0.5149	0.05186	0.4095	0.5167	0.6111	210000
	S[10,43]	0.5108	0.05185	0.4057	0.5124	0.6072	210000
	S[10,44]	0.5068	0.05184	0.4018	0.5083	0.6034	210000
	S[10,45]	0.5028	0.05184	0.3981	0.5043	0.5995	210000
	S[10,46]	0.4989	0.05185	0.3943	0.5003	0.5959	210000
	S[10,47]	0.4951	0.05185	0.3908	0.4964	0.5922	210000
	S[10,48]	0.4913	0.05186	0.3871	0.4926	0.5887	210000
	S[10,49]	0.4876	0.05188	0.3834	0.4888	0.5852	210000
	S[10,50]	0.484	0.05189	0.3799	0.4851	0.5817	210000
	S[10,51]	0.4805	0.05192	0.3764	0.4815	0.5783	210000
	S[10,52]	0.477	0.05194	0.3729	0.478	0.5751	210000
	S[10,53]	0.4736	0.05196	0.3696	0.4745	0.5718	210000
	S[10,54]	0.4702	0.05199	0.3665	0.4711	0.5687	210000
	S[10,55]	0.4669	0.05203	0.3632	0.4678	0.5655	210000
	S[10,56]	0.4636	0.05206	0.36	0.4645	0.5624	210000
	S[10,57]	0.4604	0.0521	0.3569	0.4612	0.5593	210000
	S[10,58]	0.4573	0.05214	0.3537	0.4581	0.5564	210000
	S[10,59]	0.4542	0.05218	0.3506	0.4549	0.5535	210000
	S[10,60]	0.4512	0.05223	0.3475	0.4518	0.5507	210000
	S[10,61]	0.4482	0.05227	0.3445	0.4488	0.5479	210000
	S[10,62]	0.4452	0.05232	0.3415	0.4458	0.5451	210000
	S[10,63]	0.4423	0.05238	0.3387	0.4428	0.5425	210000
	S[10,64]	0.4394	0.05243	0.3357	0.4399	0.5398	210000
	S[10,65]	0.4366	0.05249	0.3329	0.4371	0.5372	210000
	S[10,66]	0.4338	0.05254	0.3303	0.4343	0.5346	210000
	S[10,67]	0.4311	0.0526	0.3275	0.4315	0.5321	210000
	S[10,68]	0.4284	0.05266	0.3249	0.4288	0.5296	210000
	S[10,69]	0.4258	0.05273	0.322	0.4261	0.5272	210000
	S[10,70]	0.4231	0.05279	0.3194	0.4234	0.5247	210000
	S[10,71]	0.4205	0.05286	0.3167	0.4208	0.5224	210000
	S[10,72]	0.418	0.05292	0.314	0.4182	0.5201	210000
	S[10,73]	0.4155	0.05299	0.3115	0.4157	0.5177	210000
	S[10,74]	0.413	0.05306	0.309	0.4132	0.5156	210000
	S[10,75]	0.4106	0.05313	0.3064	0.4108	0.5132	210000
	S[10,76]	0.4081	0.0532	0.3039	0.4083	0.5111	210000
	S[10,77]	0.4058	0.05327	0.3014	0.4059	0.5089	210000
	S[10,78]	0.4034	0.05335	0.2989	0.4035	0.5067	210000
	S[10,79]	0.4011	0.05342	0.2965	0.4012	0.5046	210000
	S[10,80]	0.3988	0.05349	0.2941	0.3988	0.5025	210000
	S[10,81]	0.3965	0.05357	0.2918	0.3966	0.5005	210000
	S[10,82]	0.3943	0.05365	0.2895	0.3943	0.4985	210000
	S[10,83]	0.3921	0.05372	0.2873	0.3921	0.4964	210000
	S[10,84]	0.3899	0.0538	0.2849	0.3899	0.4945	210000
	S[10,85]	0.3877	0.05388	0.2826	0.3877	0.4925	210000
	S[10,86]	0.3856	0.05396	0.2804	0.3856	0.4905	210000
	S[10,87]	0.3835	0.05404	0.2782	0.3835	0.4886	210000
	S[10,88]	0.3814	0.05411	0.276	0.3814	0.4868	210000
	S[10,89]	0.3794	0.05419	0.2738	0.3793	0.485	210000
	S[10,90]	0.3773	0.05427	0.2716	0.3773	0.4831	210000
	S[10,91]	0.3753	0.05435	0.2695	0.3752	0.4813	210000
	S[10,92]	0.3733	0.05443	0.2674	0.3732	0.4796	210000
	S[10,93]	0.3714	0.05451	0.2653	0.3713	0.4778	210000
	S[10,94]	0.3694	0.05459	0.2632	0.3693	0.476	210000
	S[10,95]	0.3675	0.05467	0.2611	0.3673	0.4743	210000
	S[10,96]	0.3656	0.05475	0.259	0.3654	0.4726	210000
	S[10,97]	0.3638	0.05483	0.2569	0.3635	0.4709	210000
	S[10,98]	0.3619	0.05491	0.255	0.3617	0.4693	210000
	S[10,99]	0.3601	0.05499	0.2531	0.3598	0.4677	210000
	S[10,100]	0.3582	0.05507	0.2512	0.358	0.4661	210000
	S[10,101]	0.3564	0.05515	0.2492	0.3562	0.4645	210000
	S[10,102]	0.3547	0.05523	0.2474	0.3544	0.4629	210000
	S[10,103]	0.3529	0.05531	0.2454	0.3526	0.4614	210000
	S[10,104]	0.3512	0.05539	0.2436	0.3508	0.4598	210000
	S[10,105]	0.3494	0.05547	0.2417	0.3491	0.4582	210000
	S[10,106]	0.3477	0.05555	0.2399	0.3474	0.4567	210000
	S[10,107]	0.3461	0.05563	0.2381	0.3457	0.4552	210000
	S[10,108]	0.3444	0.05571	0.2362	0.344	0.4537	210000
	S[10,109]	0.3427	0.05579	0.2346	0.3424	0.4522	210000
	S[10,110]	0.3411	0.05586	0.2328	0.3407	0.4507	210000
	S[10,111]	0.3395	0.05594	0.2311	0.3391	0.4492	210000
	S[10,112]	0.3379	0.05602	0.2294	0.3375	0.4478	210000
	S[10,113]	0.3363	0.0561	0.2277	0.3359	0.4464	210000
	S[10,114]	0.3347	0.05617	0.2259	0.3343	0.445	210000
	S[10,115]	0.3331	0.05625	0.2243	0.3328	0.4436	210000
	S[10,116]	0.3316	0.05632	0.2227	0.3312	0.4423	210000
	S[10,117]	0.3301	0.0564	0.2211	0.3297	0.4409	210000
	S[10,118]	0.3285	0.05647	0.2195	0.3282	0.4396	210000
	S[10,119]	0.327	0.05655	0.2178	0.3266	0.4382	210000
	S[10,120]	0.3256	0.05662	0.2163	0.3252	0.4369	210000
	S[11,1]	0.9623	0.0161	0.9232	0.9653	0.9838	210000
	S[11,2]	0.9324	0.02528	0.8721	0.9366	0.9677	210000
	S[11,3]	0.9063	0.0316	0.8316	0.9112	0.9519	210000
	S[11,4]	0.8828	0.03628	0.798	0.8879	0.9364	210000
	S[11,5]	0.8611	0.03991	0.7685	0.8664	0.9213	210000
	S[11,6]	0.8409	0.0428	0.7425	0.8462	0.9066	210000
	S[11,7]	0.8218	0.04514	0.7192	0.8272	0.8922	210000
	S[11,8]	0.8038	0.04706	0.6978	0.8091	0.8782	210000
	S[11,9]	0.7867	0.04866	0.6776	0.7918	0.8644	210000
	S[11,10]	0.7703	0.05	0.6588	0.7753	0.8511	210000
	S[11,11]	0.7546	0.05114	0.641	0.7594	0.838	210000
	S[11,12]	0.7396	0.05211	0.6244	0.7442	0.8253	210000
	S[11,13]	0.7251	0.05294	0.6088	0.7296	0.813	210000
	S[11,14]	0.7111	0.05366	0.5937	0.7155	0.8011	210000
	S[11,15]	0.6976	0.05428	0.5793	0.7019	0.7893	210000
	S[11,16]	0.6846	0.05483	0.5659	0.6887	0.778	210000
	S[11,17]	0.672	0.05531	0.5529	0.6759	0.7668	210000
	S[11,18]	0.6598	0.05575	0.54	0.6635	0.756	210000
	S[11,19]	0.6479	0.05614	0.5278	0.6515	0.7455	210000
	S[11,20]	0.6364	0.05649	0.5161	0.6398	0.7353	210000
	S[11,21]	0.6252	0.05682	0.5047	0.6285	0.7254	210000
	S[11,22]	0.6143	0.05712	0.4938	0.6174	0.7156	210000
	S[11,23]	0.6038	0.0574	0.4829	0.6066	0.7061	210000
	S[11,24]	0.5935	0.05766	0.4723	0.5962	0.6969	210000
	S[11,25]	0.5834	0.05791	0.4621	0.586	0.6879	210000
	S[11,26]	0.5736	0.05816	0.4524	0.576	0.6791	210000
	S[11,27]	0.5641	0.05839	0.4426	0.5664	0.6705	210000
	S[11,28]	0.5548	0.05861	0.4332	0.5571	0.662	210000
	S[11,29]	0.5458	0.05884	0.424	0.5477	0.6536	210000
	S[11,30]	0.5369	0.05905	0.415	0.5388	0.6455	210000
	S[11,31]	0.5283	0.05926	0.4065	0.5301	0.6376	210000
	S[11,32]	0.5198	0.05947	0.3982	0.5216	0.6299	210000
	S[11,33]	0.5116	0.05968	0.3901	0.5132	0.6225	210000
	S[11,34]	0.5035	0.05989	0.382	0.505	0.615	210000
	S[11,35]	0.4956	0.06009	0.3742	0.497	0.6079	210000
	S[11,36]	0.4879	0.0603	0.3665	0.4891	0.601	210000
	S[11,37]	0.4804	0.0605	0.359	0.4815	0.594	210000
	S[11,38]	0.473	0.0607	0.3515	0.474	0.5873	210000
	S[11,39]	0.4658	0.06089	0.3443	0.4667	0.5807	210000
	S[11,40]	0.4587	0.06109	0.3371	0.4596	0.5743	210000
	S[11,41]	0.4518	0.06129	0.33	0.4526	0.5681	210000
	S[11,42]	0.445	0.06148	0.323	0.4457	0.5619	210000
	S[11,43]	0.4384	0.06167	0.3162	0.4389	0.556	210000
	S[11,44]	0.4319	0.06186	0.3096	0.4324	0.5499	210000
	S[11,45]	0.4255	0.06204	0.303	0.426	0.5442	210000
	S[11,46]	0.4193	0.06222	0.2965	0.4197	0.5384	210000
	S[11,47]	0.4131	0.0624	0.2903	0.4135	0.5328	210000
	S[11,48]	0.4071	0.06258	0.2842	0.4074	0.5272	210000
	S[11,49]	0.4013	0.06275	0.2782	0.4015	0.5217	210000
	S[11,50]	0.3955	0.06292	0.2722	0.3957	0.5164	210000
	S[11,51]	0.3898	0.06309	0.2665	0.39	0.511	210000
	S[11,52]	0.3843	0.06325	0.2609	0.3843	0.5062	210000
	S[11,53]	0.3788	0.06341	0.2552	0.3789	0.5011	210000
	S[11,54]	0.3735	0.06356	0.2498	0.3735	0.4963	210000
	S[11,55]	0.3683	0.06371	0.2445	0.3682	0.4915	210000
	S[11,56]	0.3631	0.06385	0.2394	0.3631	0.4869	210000
	S[11,57]	0.3581	0.06399	0.2343	0.358	0.4822	210000
	S[11,58]	0.3531	0.06412	0.2293	0.3531	0.4778	210000
	S[11,59]	0.3482	0.06425	0.2243	0.3481	0.4733	210000
	S[11,60]	0.3435	0.06437	0.2194	0.3432	0.4689	210000
	S[11,61]	0.3388	0.06449	0.2146	0.3385	0.4645	210000
	S[11,62]	0.3342	0.0646	0.2099	0.3338	0.4602	210000
	S[11,63]	0.3296	0.06471	0.2053	0.3293	0.456	210000
	S[11,64]	0.3252	0.06481	0.201	0.3247	0.4518	210000
	S[11,65]	0.3208	0.06491	0.1967	0.3203	0.4477	210000
	S[11,66]	0.3166	0.065	0.1926	0.3159	0.4437	210000
	S[11,67]	0.3123	0.06508	0.1883	0.3116	0.4397	210000
	S[11,68]	0.3082	0.06516	0.1842	0.3074	0.4358	210000
	S[11,69]	0.3041	0.06523	0.1802	0.3033	0.4322	210000
	S[11,70]	0.3001	0.0653	0.1763	0.2992	0.4284	210000
	S[11,71]	0.2962	0.06536	0.1725	0.2952	0.4248	210000
	S[11,72]	0.2923	0.06542	0.1687	0.2913	0.4211	210000
	S[11,73]	0.2885	0.06547	0.1651	0.2874	0.4175	210000
	S[11,74]	0.2848	0.06552	0.1614	0.2836	0.414	210000
	S[11,75]	0.2811	0.06556	0.158	0.2799	0.4108	210000
	S[11,76]	0.2775	0.06559	0.1546	0.2761	0.4072	210000
	S[11,77]	0.274	0.06562	0.1513	0.2725	0.4038	210000
	S[11,78]	0.2705	0.06564	0.148	0.2689	0.4004	210000
	S[11,79]	0.2671	0.06566	0.1447	0.2654	0.3971	210000
	S[11,80]	0.2637	0.06567	0.1416	0.2619	0.394	210000
	S[11,81]	0.2604	0.06568	0.1385	0.2585	0.3909	210000
	S[11,82]	0.2571	0.06568	0.1353	0.2552	0.3878	210000
	S[11,83]	0.2539	0.06568	0.1324	0.252	0.3845	210000
	S[11,84]	0.2507	0.06567	0.1295	0.2487	0.3816	210000
	S[11,85]	0.2476	0.06566	0.1266	0.2455	0.3786	210000
	S[11,86]	0.2445	0.06564	0.1239	0.2424	0.3757	210000
	S[11,87]	0.2415	0.06562	0.1212	0.2393	0.3723	210000
	S[11,88]	0.2386	0.06559	0.1185	0.2362	0.3694	210000
	S[11,89]	0.2356	0.06556	0.1159	0.2332	0.3666	210000
	S[11,90]	0.2328	0.06552	0.1134	0.2303	0.3639	210000
	S[11,91]	0.2299	0.06548	0.1109	0.2273	0.3615	210000
	S[11,92]	0.2272	0.06544	0.1084	0.2245	0.3585	210000
	S[11,93]	0.2244	0.06539	0.106	0.2216	0.3558	210000
	S[11,94]	0.2217	0.06533	0.1037	0.2189	0.3531	210000
	S[11,95]	0.2191	0.06527	0.1015	0.2162	0.3505	210000
	S[11,96]	0.2165	0.06521	0.09921	0.2135	0.3478	210000
	S[11,97]	0.2139	0.06514	0.09707	0.2109	0.3454	210000
	S[11,98]	0.2113	0.06507	0.09495	0.2083	0.3433	210000
	S[11,99]	0.2088	0.065	0.09285	0.2057	0.3409	210000
	S[11,100]	0.2064	0.06492	0.09083	0.2032	0.3384	210000
	S[11,101]	0.204	0.06484	0.08871	0.2007	0.336	210000
	S[11,102]	0.2016	0.06475	0.08678	0.1982	0.3335	210000
	S[11,103]	0.1992	0.06466	0.08479	0.1958	0.331	210000
	S[11,104]	0.1969	0.06457	0.08297	0.1933	0.3287	210000
	S[11,105]	0.1946	0.06447	0.08108	0.191	0.3262	210000
	S[11,106]	0.1924	0.06437	0.07931	0.1886	0.324	210000
	S[11,107]	0.1902	0.06427	0.07754	0.1864	0.3218	210000
	S[11,108]	0.188	0.06417	0.07586	0.1841	0.3197	210000
	S[11,109]	0.1859	0.06406	0.0742	0.1819	0.3175	210000
	S[11,110]	0.1837	0.06394	0.07251	0.1797	0.3153	210000
	S[11,111]	0.1817	0.06383	0.07094	0.1776	0.3131	210000
	S[11,112]	0.1796	0.06371	0.06937	0.1755	0.311	210000
	S[11,113]	0.1776	0.06359	0.06786	0.1734	0.3089	210000
	S[11,114]	0.1756	0.06347	0.06632	0.1713	0.3068	210000
	S[11,115]	0.1736	0.06334	0.06491	0.1693	0.3047	210000
	S[11,116]	0.1717	0.06321	0.0635	0.1673	0.3028	210000
	S[11,117]	0.1698	0.06308	0.06208	0.1653	0.3007	210000
	S[11,118]	0.1679	0.06295	0.06068	0.1633	0.2989	210000
	S[11,119]	0.166	0.06281	0.0593	0.1614	0.2975	210000
	S[11,120]	0.1642	0.06268	0.05794	0.1594	0.2955	210000
	S[12,1]	0.9514	0.03333	0.8664	0.9598	0.9883	210000
	S[12,2]	0.9182	0.04701	0.8002	0.929	0.9752	210000
	S[12,3]	0.8913	0.05473	0.7561	0.9029	0.9614	210000
	S[12,4]	0.8679	0.05962	0.7228	0.8798	0.9475	210000
	S[12,5]	0.8469	0.06288	0.6951	0.8586	0.9333	210000
	S[12,6]	0.8277	0.06513	0.672	0.8392	0.9197	210000
	S[12,7]	0.8098	0.06673	0.6519	0.8209	0.9061	210000
	S[12,8]	0.7931	0.06788	0.6338	0.8038	0.893	210000
	S[12,9]	0.7773	0.06876	0.617	0.7876	0.8804	210000
	S[12,10]	0.7623	0.06944	0.6011	0.7722	0.8681	210000
	S[12,11]	0.748	0.07003	0.5867	0.7575	0.8564	210000
	S[12,12]	0.7343	0.07056	0.573	0.7434	0.8452	210000
	S[12,13]	0.7212	0.07108	0.5603	0.7298	0.8345	210000
	S[12,14]	0.7086	0.07162	0.5473	0.7168	0.8244	210000
	S[12,15]	0.6965	0.07221	0.5347	0.7044	0.8146	210000
	S[12,16]	0.6848	0.07285	0.5226	0.6924	0.8052	210000
	S[12,17]	0.6735	0.07355	0.5114	0.6808	0.7964	210000
	S[12,18]	0.6626	0.07433	0.4997	0.6696	0.7878	210000
	S[12,19]	0.652	0.07518	0.4877	0.6587	0.7797	210000
	S[12,20]	0.6417	0.07611	0.4762	0.6482	0.772	210000
	S[12,21]	0.6317	0.0771	0.4649	0.638	0.7646	210000
	S[12,22]	0.622	0.07816	0.4538	0.6282	0.7574	210000
	S[12,23]	0.6126	0.07928	0.4422	0.6188	0.7505	210000
	S[12,24]	0.6035	0.08046	0.4312	0.6094	0.744	210000
	S[12,25]	0.5946	0.08168	0.4202	0.6004	0.7377	210000
	S[12,26]	0.586	0.08295	0.4093	0.5918	0.7315	210000
	S[12,27]	0.5775	0.08426	0.3984	0.5833	0.7257	210000
	S[12,28]	0.5693	0.08559	0.3879	0.5751	0.72	210000
	S[12,29]	0.5613	0.08695	0.3771	0.5671	0.7144	210000
	S[12,30]	0.5535	0.08832	0.3668	0.5594	0.7093	210000
	S[12,31]	0.5459	0.08971	0.3566	0.5517	0.7041	210000
	S[12,32]	0.5385	0.0911	0.3461	0.5443	0.6994	210000
	S[12,33]	0.5312	0.0925	0.336	0.5372	0.6947	210000
	S[12,34]	0.5242	0.0939	0.3259	0.5301	0.6901	210000
	S[12,35]	0.5173	0.09529	0.316	0.5232	0.6856	210000
	S[12,36]	0.5105	0.09667	0.3062	0.5165	0.6811	210000
	S[12,37]	0.5039	0.09804	0.2969	0.51	0.6769	210000
	S[12,38]	0.4975	0.0994	0.2876	0.5037	0.6731	210000
	S[12,39]	0.4912	0.1007	0.2784	0.4975	0.669	210000
	S[12,40]	0.485	0.1021	0.2695	0.4913	0.6654	210000
	S[12,41]	0.479	0.1034	0.2608	0.4854	0.6616	210000
	S[12,42]	0.4731	0.1046	0.2521	0.4796	0.6579	210000
	S[12,43]	0.4673	0.1059	0.2439	0.4739	0.6544	210000
	S[12,44]	0.4617	0.1071	0.2359	0.4683	0.6511	210000
	S[12,45]	0.4562	0.1083	0.2284	0.4628	0.6477	210000
	S[12,46]	0.4508	0.1095	0.2208	0.4574	0.6444	210000
	S[12,47]	0.4455	0.1107	0.213	0.4522	0.6413	210000
	S[12,48]	0.4403	0.1118	0.2059	0.447	0.6382	210000
	S[12,49]	0.4353	0.1129	0.1989	0.4421	0.6353	210000
	S[12,50]	0.4303	0.114	0.192	0.4372	0.6323	210000
	S[12,51]	0.4254	0.115	0.1852	0.4323	0.6294	210000
	S[12,52]	0.4207	0.116	0.1785	0.4275	0.6267	210000
	S[12,53]	0.416	0.117	0.1721	0.4229	0.624	210000
	S[12,54]	0.4114	0.118	0.1658	0.4183	0.6212	210000
	S[12,55]	0.4069	0.1189	0.1599	0.4139	0.6188	210000
	S[12,56]	0.4025	0.1198	0.1542	0.4095	0.6161	210000
	S[12,57]	0.3982	0.1207	0.1488	0.4051	0.6135	210000
	S[12,58]	0.394	0.1215	0.1434	0.4007	0.6112	210000
	S[12,59]	0.3898	0.1224	0.1381	0.3966	0.6088	210000
	S[12,60]	0.3858	0.1232	0.133	0.3925	0.6063	210000
	S[12,61]	0.3818	0.1239	0.1282	0.3884	0.604	210000
	S[12,62]	0.3779	0.1247	0.1235	0.3844	0.6017	210000
	S[12,63]	0.374	0.1254	0.1188	0.3804	0.5996	210000
	S[12,64]	0.3703	0.1261	0.1144	0.3765	0.5974	210000
	S[12,65]	0.3666	0.1268	0.1101	0.3727	0.5953	210000
	S[12,66]	0.3629	0.1274	0.1059	0.369	0.5932	210000
	S[12,67]	0.3594	0.128	0.1019	0.3654	0.5912	210000
	S[12,68]	0.3559	0.1287	0.09799	0.3617	0.5892	210000
	S[12,69]	0.3524	0.1292	0.09415	0.3581	0.5871	210000
	S[12,70]	0.349	0.1298	0.09044	0.3546	0.585	210000
	S[12,71]	0.3457	0.1304	0.08689	0.3511	0.583	210000
	S[12,72]	0.3425	0.1309	0.08355	0.3478	0.5811	210000
	S[12,73]	0.3393	0.1314	0.08031	0.3444	0.5792	210000
	S[12,74]	0.3361	0.1319	0.07704	0.3411	0.5773	210000
	S[12,75]	0.333	0.1323	0.07405	0.3378	0.5755	210000
	S[12,76]	0.33	0.1328	0.07129	0.3346	0.5739	210000
	S[12,77]	0.327	0.1332	0.06844	0.3315	0.5721	210000
	S[12,78]	0.3241	0.1336	0.0657	0.3284	0.5704	210000
	S[12,79]	0.3212	0.134	0.06307	0.3253	0.5687	210000
	S[12,80]	0.3183	0.1344	0.06071	0.3222	0.567	210000
	S[12,81]	0.3156	0.1348	0.05841	0.3192	0.5654	210000
	S[12,82]	0.3128	0.1351	0.05607	0.3162	0.5637	210000
	S[12,83]	0.3101	0.1354	0.05387	0.3133	0.5622	210000
	S[12,84]	0.3075	0.1358	0.05171	0.3104	0.5607	210000
	S[12,85]	0.3048	0.1361	0.04961	0.3075	0.559	210000
	S[12,86]	0.3023	0.1364	0.04761	0.3047	0.5575	210000
	S[12,87]	0.2998	0.1366	0.04573	0.302	0.5559	210000
	S[12,88]	0.2973	0.1369	0.04397	0.2993	0.5543	210000
	S[12,89]	0.2948	0.1371	0.04216	0.2966	0.5528	210000
	S[12,90]	0.2924	0.1374	0.04041	0.2939	0.5513	210000
	S[12,91]	0.29	0.1376	0.03873	0.2913	0.5499	210000
	S[12,92]	0.2877	0.1378	0.03716	0.2887	0.5485	210000
	S[12,93]	0.2854	0.138	0.03565	0.2862	0.5472	210000
	S[12,94]	0.2831	0.1382	0.03421	0.2837	0.5458	210000
	S[12,95]	0.2809	0.1384	0.03282	0.2811	0.5444	210000
	S[12,96]	0.2787	0.1386	0.03155	0.2786	0.543	210000
	S[12,97]	0.2766	0.1388	0.03001	0.2761	0.5416	210000
	S[12,98]	0.2744	0.1389	0.02879	0.2737	0.5402	210000
	S[12,99]	0.2723	0.1391	0.02758	0.2713	0.5389	210000
	S[12,100]	0.2703	0.1392	0.02642	0.269	0.5377	210000
	S[12,101]	0.2682	0.1393	0.02532	0.2667	0.5364	210000
	S[12,102]	0.2662	0.1394	0.02426	0.2643	0.5353	210000
	S[12,103]	0.2643	0.1395	0.02325	0.2621	0.534	210000
	S[12,104]	0.2623	0.1396	0.02228	0.2598	0.5328	210000
	S[12,105]	0.2604	0.1397	0.02137	0.2575	0.5314	210000
	S[12,106]	0.2585	0.1398	0.0205	0.2554	0.5302	210000
	S[12,107]	0.2567	0.1399	0.01966	0.2532	0.5289	210000
	S[12,108]	0.2548	0.14	0.01882	0.251	0.5277	210000
	S[12,109]	0.253	0.14	0.018	0.2488	0.5267	210000
	S[12,110]	0.2512	0.1401	0.01724	0.2468	0.5255	210000
	S[12,111]	0.2495	0.1401	0.01652	0.2446	0.5243	210000
	S[12,112]	0.2477	0.1402	0.01581	0.2425	0.5231	210000
	S[12,113]	0.246	0.1402	0.01512	0.2405	0.5219	210000
	S[12,114]	0.2443	0.1403	0.01445	0.2385	0.5209	210000
	S[12,115]	0.2427	0.1403	0.01383	0.2365	0.5199	210000
	S[12,116]	0.241	0.1403	0.01323	0.2345	0.5187	210000
	S[12,117]	0.2394	0.1403	0.01266	0.2326	0.5176	210000
	S[12,118]	0.2378	0.1403	0.01212	0.2306	0.5165	210000
	S[12,119]	0.2362	0.1404	0.0116	0.2288	0.5155	210000
	S[12,120]	0.2347	0.1404	0.01109	0.2268	0.5145	210000
	S[13,1]	0.9278	0.06144	0.7692	0.9445	0.9903	210000
	S[13,2]	0.8779	0.08566	0.6642	0.8988	0.9767	210000
	S[13,3]	0.8369	0.09924	0.5952	0.8586	0.9609	210000
	S[13,4]	0.8011	0.1076	0.5444	0.8225	0.9434	210000
	S[13,5]	0.7687	0.1128	0.4988	0.7892	0.9248	210000
	S[13,6]	0.739	0.1159	0.4634	0.7582	0.9054	210000
	S[13,7]	0.7113	0.1176	0.4416	0.7291	0.8852	210000
	S[13,8]	0.6853	0.1183	0.4182	0.7021	0.865	210000
	S[13,9]	0.6609	0.1183	0.3958	0.6763	0.8444	210000
	S[13,10]	0.6377	0.1177	0.3764	0.6521	0.824	210000
	S[13,11]	0.6157	0.1167	0.3576	0.6291	0.8038	210000
	S[13,12]	0.5947	0.1155	0.3408	0.6068	0.784	210000
	S[13,13]	0.5747	0.114	0.3252	0.5855	0.7641	210000
	S[13,14]	0.5556	0.1125	0.3111	0.5656	0.7449	210000
	S[13,15]	0.5372	0.1108	0.2988	0.5464	0.7265	210000
	S[13,16]	0.5197	0.1092	0.2868	0.5278	0.7087	210000
	S[13,17]	0.5029	0.1076	0.2765	0.5099	0.6914	210000
	S[13,18]	0.4867	0.1061	0.2642	0.4929	0.6748	210000
	S[13,19]	0.4712	0.1046	0.2542	0.4766	0.659	210000
	S[13,20]	0.4563	0.1032	0.2452	0.4609	0.6438	210000
	S[13,21]	0.442	0.102	0.2351	0.4459	0.6291	210000
	S[13,22]	0.4283	0.1008	0.2248	0.4315	0.615	210000
	S[13,23]	0.415	0.09973	0.2151	0.4176	0.6015	210000
	S[13,24]	0.4023	0.09877	0.2057	0.4042	0.5886	210000
	S[13,25]	0.3901	0.09791	0.1968	0.3915	0.5762	210000
	S[13,26]	0.3783	0.09715	0.1885	0.3791	0.5648	210000
	S[13,27]	0.367	0.09647	0.1802	0.3672	0.5537	210000
	S[13,28]	0.356	0.09588	0.1721	0.3557	0.5431	210000
	S[13,29]	0.3455	0.09536	0.1638	0.3446	0.5326	210000
	S[13,30]	0.3354	0.0949	0.1557	0.3341	0.5226	210000
	S[13,31]	0.3257	0.0945	0.1478	0.324	0.5132	210000
	S[13,32]	0.3163	0.09415	0.1403	0.3142	0.5042	210000
	S[13,33]	0.3073	0.09384	0.1329	0.3049	0.4952	210000
	S[13,34]	0.2986	0.09356	0.1256	0.2958	0.4868	210000
	S[13,35]	0.2902	0.09331	0.1185	0.2872	0.4787	210000
	S[13,36]	0.2821	0.09308	0.1116	0.2788	0.4708	210000
	S[13,37]	0.2744	0.09287	0.105	0.2708	0.4635	210000
	S[13,38]	0.2669	0.09266	0.09855	0.2632	0.4563	210000
	S[13,39]	0.2596	0.09246	0.09243	0.2557	0.4494	210000
	S[13,40]	0.2527	0.09226	0.08651	0.2485	0.4425	210000
	S[13,41]	0.246	0.09206	0.08069	0.2416	0.4359	210000
	S[13,42]	0.2395	0.09185	0.07541	0.2347	0.4295	210000
	S[13,43]	0.2332	0.09164	0.07023	0.2282	0.4237	210000
	S[13,44]	0.2272	0.09142	0.06543	0.222	0.4179	210000
	S[13,45]	0.2214	0.09119	0.06087	0.2159	0.4123	210000
	S[13,46]	0.2158	0.09096	0.05654	0.2101	0.4068	210000
	S[13,47]	0.2104	0.09071	0.05232	0.2044	0.4014	210000
	S[13,48]	0.2051	0.09044	0.04832	0.199	0.3963	210000
	S[13,49]	0.2001	0.09017	0.04474	0.1937	0.3912	210000
	S[13,50]	0.1952	0.08988	0.04138	0.1886	0.3867	210000
	S[13,51]	0.1905	0.08958	0.03818	0.1836	0.3821	210000
	S[13,52]	0.186	0.08927	0.03523	0.1788	0.3774	210000
	S[13,53]	0.1816	0.08895	0.03243	0.1742	0.3729	210000
	S[13,54]	0.1773	0.08862	0.02977	0.1697	0.3685	210000
	S[13,55]	0.1732	0.08827	0.02745	0.1654	0.3641	210000
	S[13,56]	0.1693	0.08791	0.02522	0.1612	0.3601	210000
	S[13,57]	0.1654	0.08755	0.02308	0.1571	0.3562	210000
	S[13,58]	0.1617	0.08717	0.02115	0.1532	0.3525	210000
	S[13,59]	0.1581	0.08679	0.01932	0.1494	0.3487	210000
	S[13,60]	0.1546	0.08639	0.01771	0.1456	0.3451	210000
	S[13,61]	0.1513	0.08599	0.01623	0.1419	0.3417	210000
	S[13,62]	0.148	0.08559	0.01488	0.1383	0.3381	210000
	S[13,63]	0.1448	0.08517	0.01356	0.1349	0.3347	210000
	S[13,64]	0.1418	0.08475	0.01246	0.1316	0.331	210000
	S[13,65]	0.1388	0.08432	0.01131	0.1283	0.3275	210000
	S[13,66]	0.136	0.08389	0.01031	0.1252	0.3242	210000
	S[13,67]	0.1332	0.08346	0.009379	0.1221	0.3212	210000
	S[13,68]	0.1305	0.08302	0.008529	0.1192	0.3182	210000
	S[13,69]	0.1279	0.08258	0.007725	0.1163	0.3152	210000
	S[13,70]	0.1253	0.08213	0.007006	0.1135	0.3123	210000
	S[13,71]	0.1229	0.08168	0.006351	0.1108	0.3094	210000
	S[13,72]	0.1205	0.08123	0.005766	0.1081	0.3066	210000
	S[13,73]	0.1182	0.08078	0.00522	0.1055	0.3039	210000
	S[13,74]	0.1159	0.08033	0.004721	0.1029	0.3014	210000
	S[13,75]	0.1137	0.07987	0.004285	0.1005	0.2988	210000
	S[13,76]	0.1116	0.07942	0.003875	0.09801	0.2964	210000
	S[13,77]	0.1095	0.07897	0.003507	0.09574	0.2938	210000
	S[13,78]	0.1075	0.07851	0.003171	0.09347	0.2914	210000
	S[13,79]	0.1056	0.07806	0.00286	0.09123	0.2891	210000
	S[13,80]	0.1037	0.0776	0.002566	0.08907	0.2867	210000
	S[13,81]	0.1018	0.07715	0.00228	0.08696	0.2844	210000
	S[13,82]	0.1001	0.0767	0.002038	0.08491	0.2821	210000
	S[13,83]	0.09831	0.07625	0.001823	0.08292	0.2797	210000
	S[13,84]	0.09662	0.0758	0.001615	0.08098	0.2774	210000
	S[13,85]	0.09497	0.07535	0.001431	0.07914	0.2753	210000
	S[13,86]	0.09336	0.07491	0.001276	0.07726	0.2731	210000
	S[13,87]	0.0918	0.07447	0.001122	0.07548	0.2711	210000
	S[13,88]	0.09027	0.07403	9.917E-4	0.07378	0.2692	210000
	S[13,89]	0.08879	0.07359	8.778E-4	0.07207	0.2673	210000
	S[13,90]	0.08735	0.07315	7.737E-4	0.07041	0.2654	210000
	S[13,91]	0.08594	0.07272	6.748E-4	0.06884	0.2633	210000
	S[13,92]	0.08457	0.07229	5.937E-4	0.06728	0.2613	210000
	S[13,93]	0.08323	0.07186	5.178E-4	0.06574	0.2594	210000
	S[13,94]	0.08192	0.07144	4.514E-4	0.06425	0.2577	210000
	S[13,95]	0.08065	0.07102	3.939E-4	0.06282	0.2561	210000
	S[13,96]	0.07941	0.0706	3.432E-4	0.06138	0.2542	210000
	S[13,97]	0.0782	0.07018	2.967E-4	0.05998	0.2524	210000
	S[13,98]	0.07702	0.06977	2.595E-4	0.05859	0.2507	210000
	S[13,99]	0.07587	0.06936	2.231E-4	0.05728	0.2489	210000
	S[13,100]	0.07475	0.06896	1.929E-4	0.05605	0.2473	210000
	S[13,101]	0.07365	0.06855	1.665E-4	0.05482	0.2456	210000
	S[13,102]	0.07258	0.06815	1.443E-4	0.05357	0.244	210000
	S[13,103]	0.07153	0.06776	1.25E-4	0.05236	0.2424	210000
	S[13,104]	0.07051	0.06737	1.081E-4	0.05119	0.2407	210000
	S[13,105]	0.06951	0.06698	9.421E-5	0.05003	0.2393	210000
	S[13,106]	0.06853	0.06659	8.338E-5	0.04891	0.2376	210000
	S[13,107]	0.06758	0.06621	7.435E-5	0.04782	0.2362	210000
	S[13,108]	0.06665	0.06583	6.627E-5	0.04679	0.2345	210000
	S[13,109]	0.06574	0.06545	5.934E-5	0.04577	0.2331	210000
	S[13,110]	0.06485	0.06508	5.329E-5	0.04475	0.2317	210000
	S[13,111]	0.06397	0.06471	4.891E-5	0.04377	0.2302	210000
	S[13,112]	0.06312	0.06435	4.568E-5	0.0428	0.2287	210000
	S[13,113]	0.06229	0.06399	4.251E-5	0.04186	0.2272	210000
	S[13,114]	0.06147	0.06363	3.978E-5	0.04094	0.2259	210000
	S[13,115]	0.06067	0.06327	3.656E-5	0.04005	0.2245	210000
	S[13,116]	0.05989	0.06292	3.35E-5	0.03915	0.2231	210000
	S[13,117]	0.05913	0.06258	3.097E-5	0.0383	0.2218	210000
	S[13,118]	0.05838	0.06223	2.902E-5	0.03746	0.2205	210000
	S[13,119]	0.05765	0.06189	2.665E-5	0.03663	0.2191	210000
	S[13,120]	0.05693	0.06155	2.433E-5	0.03584	0.2178	210000
	rk60[1,1]	0.4577	0.4982	-0.002184	2.206E-6	1.002	210000
	rk60[1,2]	0.4038	0.4907	-0.002074	7.897E-9	1.002	210000
	rk60[1,3]	0.116	0.3203	-0.002189	-1.41E-13	1.0	210000
	rk60[1,4]	0.01966	0.1388	-0.002184	-1.158E-13	0.00514	210000
	rk60[1,5]	0.002667	0.05157	-0.002207	-1.564E-8	0.002203	210000
	rk60[1,6]	1.81E-4	0.01345	-0.002186	-1.56E-8	0.002188	210000
	rk60[1,7]	1.429E-5	0.00378	-0.002186	1.56E-8	0.002183	210000
	rk60[1,8]	0.0	1.0E-15	-0.002186	-1.56E-8	0.002186	210000
	rk60[1,9]	0.0	1.0E-15	-0.002186	-1.56E-8	0.002186	210000
	rk60[1,10]	0.0	1.0E-15	-0.002186	-1.56E-8	0.002186	210000
	rk60[1,11]	0.0	1.0E-15	-0.002186	-1.56E-8	0.002186	210000
	rk60[1,12]	0.0	1.0E-15	-0.002186	-1.56E-8	0.002186	210000
	rk60[1,13]	0.0	1.0E-15	-0.002186	-1.56E-8	0.002186	210000
	rk60[2,1]	0.02005	0.1402	-0.002184	6.186E-19	0.005448	210000
	rk60[2,2]	0.1039	0.3051	-0.002182	1.741E-8	1.0	210000
	rk60[2,3]	0.2348	0.4239	-0.002185	-1.93E-8	1.0	210000
	rk60[2,4]	0.2833	0.4506	-0.002987	-1.316E-8	1.0	210000
	rk60[2,5]	0.2019	0.4014	-0.002183	-1.956E-8	1.0	210000
	rk60[2,6]	0.1006	0.3009	-0.002184	3.47E-8	1.0	210000
	rk60[2,7]	0.03949	0.1947	-0.00219	-1.625E-8	1.0	210000
	rk60[2,8]	0.01236	0.1105	-0.002186	-1.579E-8	0.002431	210000
	rk60[2,9]	0.003005	0.05473	-0.002185	1.564E-8	0.002212	210000
	rk60[2,10]	5.429E-4	0.02329	-0.002187	1.561E-8	0.002193	210000
	rk60[2,11]	2.857E-5	0.005345	-0.002186	-1.56E-8	0.002182	210000
	rk60[2,12]	0.0	1.0E-15	-0.002186	-1.56E-8	0.002186	210000
	rk60[2,13]	0.0	1.0E-15	-0.002186	-1.56E-8	0.002186	210000
	rk60[3,1]	1.333E-4	0.01155	-0.002186	-1.56E-8	0.002186	210000
	rk60[3,2]	0.003324	0.05756	-0.002182	1.565E-8	0.002176	210000
	rk60[3,3]	0.01528	0.1227	-0.002187	1.584E-8	0.002196	210000
	rk60[3,4]	0.05296	0.2239	-0.002196	1.648E-8	1.0	210000
	rk60[3,5]	0.1313	0.3378	-0.002187	3.936E-12	1.0	210000
	rk60[3,6]	0.2181	0.413	-0.002182	-1.673E-8	1.0	210000
	rk60[3,7]	0.2379	0.4258	-0.002185	-1.946E-8	1.0	210000
	rk60[3,8]	0.1937	0.3952	-0.002184	-1.887E-8	1.0	210000
	rk60[3,9]	0.1004	0.3006	-0.002183	1.734E-8	1.0	210000
	rk60[3,10]	0.03753	0.1901	-0.002181	1.202E-13	1.0	210000
	rk60[3,11]	0.008495	0.09178	-0.002187	1.573E-8	0.002259	210000
	rk60[3,12]	7.667E-4	0.02768	-0.002186	1.561E-8	0.002179	210000
	rk60[3,13]	8.571E-5	0.009258	-0.002186	1.56E-8	0.002189	210000
	rk60[4,1]	0.03739	0.1897	-0.002183	-1.62E-8	1.0	210000
	rk60[4,2]	0.06889	0.2533	-0.002185	3.351E-8	1.0	210000
	rk60[4,3]	0.1406	0.3477	-0.002184	-1.814E-8	1.0	210000
	rk60[4,4]	0.2139	0.4101	-0.002184	5.563E-9	1.002	210000
	rk60[4,5]	0.2357	0.4244	-0.001858	1.484E-8	1.002	210000
	rk60[4,6]	0.1609	0.3675	-0.002187	-6.011E-14	1.0	210000
	rk60[4,7]	0.08765	0.2828	-0.002183	-1.523E-15	1.0	210000
	rk60[4,8]	0.03802	0.1912	-0.002185	1.621E-8	1.0	210000
	rk60[4,9]	0.01285	0.1126	-0.002184	-1.58E-8	0.002469	210000
	rk60[4,10]	0.003367	0.05793	-0.002186	-1.565E-8	0.002265	210000
	rk60[4,11]	5.238E-4	0.02288	-0.002186	1.561E-8	0.002183	210000
	rk60[4,12]	1.238E-4	0.01113	-0.002186	1.56E-8	0.002182	210000
	rk60[4,13]	9.524E-6	0.003086	-0.002186	1.56E-8	0.002184	210000
	rk60[5,1]	0.001424	0.03771	-0.002185	-1.562E-8	0.002199	210000
	rk60[5,2]	0.003848	0.06191	-0.002186	1.566E-8	0.002205	210000
	rk60[5,3]	0.01096	0.1041	-0.002208	1.577E-8	0.002235	210000
	rk60[5,4]	0.03381	0.1808	-0.002204	1.614E-8	0.9999	210000
	rk60[5,5]	0.07952	0.2705	-0.002179	1.693E-8	1.0	210000
	rk60[5,6]	0.1492	0.3563	-0.002183	1.832E-8	1.0	210000
	rk60[5,7]	0.1939	0.3954	-0.002182	5.813E-8	1.0	210000
	rk60[5,8]	0.211	0.408	-0.002182	2.029E-8	1.002	210000
	rk60[5,9]	0.1751	0.38	-0.002183	-1.861E-8	1.0	210000
	rk60[5,10]	0.08996	0.2861	-0.002183	1.712E-8	1.0	210000
	rk60[5,11]	0.03728	0.1894	-0.002186	3.863E-15	1.0	210000
	rk60[5,12]	0.01083	0.1035	-0.002184	1.577E-8	0.002346	210000
	rk60[5,13]	0.003229	0.05673	-0.002186	-1.565E-8	0.002278	210000
	rk60[6,1]	0.1334	0.34	-0.002201	1.796E-8	1.0	210000
	rk60[6,2]	0.296	0.4565	-0.002187	3.514E-9	1.0	210000
	rk60[6,3]	0.3172	0.4654	-0.002892	1.987E-8	1.002	210000
	rk60[6,4]	0.1733	0.3785	-0.002183	1.889E-8	1.0	210000
	rk60[6,5]	0.06202	0.2412	-0.002184	1.663E-8	1.0	210000
	rk60[6,6]	0.01455	0.1197	-0.002182	1.583E-8	0.001921	210000
	rk60[6,7]	0.003133	0.05589	-0.002208	-1.565E-8	0.002192	210000
	rk60[6,8]	4.476E-4	0.02115	-0.002186	-1.56E-8	0.002183	210000
	rk60[6,9]	4.286E-5	0.006546	-0.002186	-1.56E-8	0.002186	210000
	rk60[6,10]	4.762E-6	0.002182	-0.002186	-1.56E-8	0.002183	210000
	rk60[6,11]	0.0	1.0E-15	-0.002186	-1.56E-8	0.002186	210000
	rk60[6,12]	0.0	1.0E-15	-0.002186	-1.56E-8	0.002186	210000
	rk60[6,13]	0.0	1.0E-15	-0.002186	-1.56E-8	0.002186	210000
	rk60[7,1]	0.01228	0.1101	-0.002188	1.579E-8	0.002748	210000
	rk60[7,2]	0.0149	0.1212	-0.002184	-1.584E-8	0.002532	210000
	rk60[7,3]	0.03702	0.1888	-0.002182	-1.62E-8	1.0	210000
	rk60[7,4]	0.06736	0.2506	-0.002184	-3.325E-14	1.0	210000
	rk60[7,5]	0.09795	0.2972	-0.002185	5.487E-15	1.0	210000
	rk60[7,6]	0.1275	0.3336	-0.002183	3.139E-12	1.0	210000
	rk60[7,7]	0.1524	0.3594	-0.002185	4.668E-16	1.0	210000
	rk60[7,8]	0.1748	0.3798	-0.002184	-1.89E-8	1.0	210000
	rk60[7,9]	0.1563	0.3632	-0.002185	-1.848E-8	1.0	210000
	rk60[7,10]	0.09221	0.2893	-0.002184	6.42E-14	1.0	210000
	rk60[7,11]	0.04364	0.2043	-0.002185	1.63E-8	1.0	210000
	rk60[7,12]	0.01726	0.1302	-0.002184	-1.587E-8	0.001882	210000
	rk60[7,13]	0.006429	0.07992	-0.002184	1.57E-8	0.002181	210000
	rk60[8,1]	0.00161	0.04009	-0.002186	1.563E-8	0.002252	210000
	rk60[8,2]	0.006419	0.07986	-0.002184	1.57E-8	0.002314	210000
	rk60[8,3]	0.01628	0.1265	-0.002185	-1.585E-8	0.002311	210000
	rk60[8,4]	0.03709	0.189	-0.002182	1.619E-8	1.0	210000
	rk60[8,5]	0.07424	0.2622	-0.002184	7.297E-13	1.0	210000
	rk60[8,6]	0.1179	0.3225	-0.002185	-1.297E-13	1.0	210000
	rk60[8,7]	0.1676	0.3735	-0.002182	1.354E-11	1.0	210000
	rk60[8,8]	0.2195	0.4139	-0.002183	1.899E-8	1.0	210000
	rk60[8,9]	0.3143	0.4642	-0.002182	1.875E-7	1.0	210000
	rk60[8,10]	0.04478	0.2068	-0.002187	-2.368E-18	1.0	210000
	rk60[8,11]	3.381E-4	0.01838	-0.002182	-1.115E-13	0.002189	210000
	rk60[8,12]	0.0	1.0E-15	-0.002186	-1.56E-8	0.002186	210000
	rk60[8,13]	0.0	1.0E-15	-0.002186	-1.56E-8	0.002186	210000
	rk60[9,1]	0.0	1.0E-15	-0.002186	-1.56E-8	0.002186	210000
	rk60[9,2]	0.0	1.0E-15	-0.002186	-1.56E-8	0.002186	210000
	rk60[9,3]	0.0	1.0E-15	-0.002186	-1.56E-8	0.002186	210000
	rk60[9,4]	0.0	1.0E-15	-0.002186	-1.56E-8	0.002186	210000
	rk60[9,5]	0.0	1.0E-15	-0.002186	-1.56E-8	0.002186	210000
	rk60[9,6]	4.286E-5	0.006546	-0.002186	-1.56E-8	0.002186	210000
	rk60[9,7]	2.048E-4	0.01431	-0.002186	1.56E-8	0.002185	210000
	rk60[9,8]	0.001543	0.03925	-0.002186	-1.562E-8	0.002195	210000
	rk60[9,9]	0.01335	0.1148	-0.002185	-1.581E-8	0.002446	210000
	rk60[9,10]	0.16	0.3666	-0.002195	-1.861E-8	1.0	210000
	rk60[9,11]	0.4309	0.4952	-0.002183	6.962E-7	1.0	210000
	rk60[9,12]	0.3644	0.4813	-0.002183	5.259E-9	1.002	210000
	rk60[9,13]	0.0296	0.1695	-0.002207	-1.609E-8	0.01512	210000
	rk60[10,1]	0.0	1.0E-15	-0.002186	-1.56E-8	0.002186	210000
	rk60[10,2]	0.0	1.0E-15	-0.002186	-1.56E-8	0.002186	210000
	rk60[10,3]	0.0	1.0E-15	-0.002186	-1.56E-8	0.002186	210000
	rk60[10,4]	0.0	1.0E-15	-0.002186	-1.56E-8	0.002186	210000
	rk60[10,5]	0.0	1.0E-15	-0.002186	-1.56E-8	0.002186	210000
	rk60[10,6]	4.762E-6	0.002182	-0.002186	-1.56E-8	0.002186	210000
	rk60[10,7]	4.762E-5	0.0069	-0.002186	1.56E-8	0.002188	210000
	rk60[10,8]	1.048E-4	0.01023	-0.002186	1.56E-8	0.002183	210000
	rk60[10,9]	8.476E-4	0.0291	-0.002185	1.561E-8	0.002187	210000
	rk60[10,10]	0.006176	0.07835	-0.002208	-1.57E-8	0.00231	210000
	rk60[10,11]	0.03624	0.1869	-0.002183	1.62E-8	1.0	210000
	rk60[10,12]	0.3143	0.4642	-0.002183	1.058E-7	1.0	210000
	rk60[10,13]	0.6423	0.4793	-5.138E-8	1.0	1.002	210000
	rk60[11,1]	3.333E-5	0.005773	-0.002186	-1.56E-8	0.002187	210000
	rk60[11,2]	1.333E-4	0.01155	-0.002186	-1.56E-8	0.002186	210000
	rk60[11,3]	5.571E-4	0.0236	-0.002186	-1.561E-8	0.002186	210000
	rk60[11,4]	0.001595	0.03991	-0.002185	1.562E-8	0.002225	210000
	rk60[11,5]	0.00449	0.06686	-0.002186	1.567E-8	0.002254	210000
	rk60[11,6]	0.009948	0.09924	-0.002182	1.576E-8	0.002405	210000
	rk60[11,7]	0.02191	0.1464	-0.002183	4.72E-14	0.002297	210000
	rk60[11,8]	0.05	0.2179	-0.002187	6.965E-14	1.0	210000
	rk60[11,9]	0.114	0.3178	-0.002187	-1.756E-8	1.0	210000
	rk60[11,10]	0.4048	0.4909	-0.002285	1.743E-7	1.002	210000
	rk60[11,11]	0.2898	0.4537	-0.002183	-3.455E-9	1.002	210000
	rk60[11,12]	0.0928	0.2901	-0.002185	1.615E-14	1.0	210000
	rk60[11,13]	0.009914	0.09908	-0.002185	-1.576E-8	0.002535	210000
	rk60[12,1]	0.01267	0.1119	-0.002186	-9.704E-14	0.002496	210000
	rk60[12,2]	0.008667	0.09269	-0.002205	-1.573E-8	0.002258	210000
	rk60[12,3]	0.01053	0.1021	-0.002185	-3.485E-19	0.002185	210000
	rk60[12,4]	0.01409	0.1179	-0.002182	-1.581E-8	0.002551	210000
	rk60[12,5]	0.01805	0.1331	-0.002187	1.156E-13	0.002187	210000
	rk60[12,6]	0.02247	0.1482	-0.002183	-7.664E-20	0.004241	210000
	rk60[12,7]	0.03105	0.1734	-0.002182	-1.609E-8	1.0	210000
	rk60[12,8]	0.0409	0.1981	-0.002185	1.716E-19	1.0	210000
	rk60[12,9]	0.06404	0.2448	-0.002183	-1.666E-8	1.0	210000
	rk60[12,10]	0.1368	0.3436	-0.002183	3.964E-14	1.0	210000
	rk60[12,11]	0.1408	0.3478	-0.002184	6.649E-12	1.0	210000
	rk60[12,12]	0.194	0.3954	-0.002185	1.291E-8	1.0	210000
	rk60[12,13]	0.306	0.4608	-0.002189	-1.987E-8	1.0	210000
	rk60[13,1]	0.3234	0.4678	-9.758E-4	-6.524E-9	1.0	210000
	rk60[13,2]	0.09019	0.2864	-0.002184	-1.218E-13	1.0	210000
	rk60[13,3]	0.1008	0.301	-0.002185	3.464E-8	1.0	210000
	rk60[13,4]	0.1029	0.3038	-0.002185	-1.737E-8	1.0	210000
	rk60[13,5]	0.09223	0.2893	-0.002184	4.159E-13	1.0	210000
	rk60[13,6]	0.0785	0.269	-0.002186	-4.735E-14	1.0	210000
	rk60[13,7]	0.06477	0.2461	-0.002185	-1.666E-8	1.0	210000
	rk60[13,8]	0.05766	0.2331	-0.002184	7.075E-14	1.0	210000
	rk60[13,9]	0.04581	0.2091	-0.002183	2.445E-16	1.0	210000
	rk60[13,10]	0.02386	0.1526	-0.002186	1.597E-8	0.009083	210000
	rk60[13,11]	0.01204	0.1091	-0.002206	-1.579E-8	0.00224	210000
	rk60[13,12]	0.005581	0.0745	-0.002182	-1.568E-8	0.00218	210000
	rk60[13,13]	0.0024	0.04893	-0.002186	-1.563E-8	0.002195	210000

Dbar = post.mean of -2logL; Dhat = -2LogL at post.mean of stochastic nodes
	Dbar	Dhat	pD	DIC	
r	1981.180	1931.510	49.664	2030.840	
total	1981.180	1931.510	49.664	2030.840	
