Results - 30,000 burn in 70,000 iterations, seed 385916
	 node	 mean	 sd	 MC error	2.5%	median	97.5%	start	sample
	d[2,1]	-0.2386	0.1199	0.00156	-0.4749	-0.2386	-0.006271	30001	210000
	d[2,2]	0.5729	0.6197	0.008145	-0.6498	0.5685	1.807	30001	210000
	d[3,1]	-0.4847	0.1334	0.001757	-0.7492	-0.4848	-0.2212	30001	210000
	d[3,2]	0.4775	0.5812	0.00738	-0.6533	0.4753	1.623	30001	210000
	d[4,1]	-0.2146	0.1844	0.003793	-0.5714	-0.2157	0.1509	30001	210000
	d[4,2]	-0.4033	1.094	0.02055	-2.521	-0.422	1.763	30001	210000
	d[5,1]	-0.2625	0.1906	0.003923	-0.6344	-0.2617	0.1138	30001	210000
	d[5,2]	-2.512	1.102	0.02147	-4.683	-2.515	-0.3527	30001	210000
	d[6,1]	0.1115	0.1125	0.001959	-0.1085	0.1113	0.3313	30001	210000
	d[6,2]	-2.664	0.5853	0.008969	-3.815	-2.661	-1.524	30001	210000
	d[7,1]	-0.1646	0.2155	0.003498	-0.5868	-0.1644	0.2562	30001	210000
	d[7,2]	-3.921	1.458	0.02074	-6.867	-3.894	-1.139	30001	210000
	d[8,1]	-0.5799	0.2096	0.005915	-0.9898	-0.582	-0.1614	30001	210000
	d[8,2]	0.7693	1.05	0.02995	-1.322	0.7973	2.778	30001	210000
	d[9,1]	-1.073	0.1657	0.004105	-1.4	-1.073	-0.7516	30001	210000
	d[9,2]	1.58	0.7889	0.01938	0.03334	1.585	3.101	30001	210000
	d[10,1]	-1.427	0.216	0.005444	-1.857	-1.427	-1.0	30001	210000
	d[10,2]	2.758	1.05	0.02707	0.7031	2.763	4.796	30001	210000
	d[11,1]	-0.8436	0.2425	0.006494	-1.319	-0.8441	-0.3589	30001	210000
	d[11,2]	0.2854	1.206	0.03256	-2.113	0.3067	2.588	30001	210000
	d[12,1]	-1.057	0.3884	0.008091	-1.819	-1.058	-0.2835	30001	210000
	d[12,2]	1.007	1.706	0.03841	-2.42	1.024	4.291	30001	210000
	d[13,1]	-0.12	0.3979	0.006139	-0.897	-0.1209	0.6637	30001	210000
	d[13,2]	-0.9611	2.908	0.04326	-6.872	-0.9006	4.61	30001	210000

	 node	 mean	 sd	 2.5%	 median	 97.5%	sample
	S[1,1]	0.9262	0.03181	0.8497	0.9316	0.9724	210000
	S[1,2]	0.8784	0.03896	0.7879	0.8837	0.9391	210000
	S[1,3]	0.8375	0.04157	0.7428	0.8425	0.9047	210000
	S[1,4]	0.8004	0.04243	0.7049	0.8048	0.8706	210000
	S[1,5]	0.766	0.04244	0.6715	0.77	0.8375	210000
	S[1,6]	0.7336	0.042	0.6411	0.7374	0.8055	210000
	S[1,7]	0.7031	0.04131	0.6126	0.7064	0.7746	210000
	S[1,8]	0.6741	0.04051	0.586	0.6771	0.7449	210000
	S[1,9]	0.6465	0.03965	0.561	0.6493	0.7166	210000
	S[1,10]	0.6201	0.03878	0.5373	0.6227	0.6895	210000
	S[1,11]	0.595	0.03793	0.5145	0.5973	0.6634	210000
	S[1,12]	0.5711	0.03712	0.493	0.573	0.6387	210000
	S[1,13]	0.5481	0.03635	0.4723	0.5498	0.615	210000
	S[1,14]	0.5262	0.03563	0.4524	0.5275	0.5924	210000
	S[1,15]	0.5052	0.03496	0.4334	0.5063	0.5707	210000
	S[1,16]	0.4851	0.03433	0.4151	0.4859	0.55	210000
	S[1,17]	0.4658	0.03375	0.3974	0.4664	0.5301	210000
	S[1,18]	0.4473	0.03321	0.3806	0.4478	0.5111	210000
	S[1,19]	0.4296	0.03271	0.3644	0.4299	0.4929	210000
	S[1,20]	0.4127	0.03224	0.3487	0.4129	0.4754	210000
	S[1,21]	0.3964	0.0318	0.3338	0.3965	0.4586	210000
	S[1,22]	0.3808	0.03138	0.3192	0.3808	0.4424	210000
	S[1,23]	0.3658	0.03098	0.3053	0.3657	0.4269	210000
	S[1,24]	0.3514	0.03059	0.2919	0.3512	0.412	210000
	S[1,25]	0.3376	0.03022	0.2792	0.3374	0.3978	210000
	S[1,26]	0.3244	0.02985	0.2668	0.3241	0.3841	210000
	S[1,27]	0.3117	0.0295	0.2551	0.3113	0.3708	210000
	S[1,28]	0.2995	0.02915	0.2438	0.2991	0.358	210000
	S[1,29]	0.2878	0.0288	0.233	0.2874	0.3458	210000
	S[1,30]	0.2766	0.02845	0.2226	0.2761	0.3341	210000
	S[1,31]	0.2658	0.0281	0.2126	0.2653	0.3228	210000
	S[1,32]	0.2555	0.02775	0.2031	0.2549	0.3118	210000
	S[1,33]	0.2455	0.0274	0.194	0.2449	0.3013	210000
	S[1,34]	0.236	0.02705	0.1853	0.2353	0.2912	210000
	S[1,35]	0.2268	0.0267	0.1769	0.2261	0.2815	210000
	S[1,36]	0.218	0.02634	0.1689	0.2173	0.272	210000
	S[1,37]	0.2096	0.02598	0.1613	0.2088	0.2629	210000
	S[1,38]	0.2014	0.02561	0.1539	0.2006	0.2542	210000
	S[1,39]	0.1936	0.02525	0.1468	0.1928	0.2458	210000
	S[1,40]	0.1861	0.02488	0.1402	0.1853	0.2375	210000
	S[1,41]	0.1789	0.02451	0.1337	0.1781	0.2297	210000
	S[1,42]	0.172	0.02413	0.1276	0.1711	0.2221	210000
	S[1,43]	0.1654	0.02375	0.1218	0.1645	0.2148	210000
	S[1,44]	0.159	0.02337	0.1162	0.1581	0.2077	210000
	S[1,45]	0.1529	0.02299	0.1109	0.1519	0.2008	210000
	S[1,46]	0.147	0.02261	0.1057	0.146	0.1943	210000
	S[1,47]	0.1413	0.02223	0.1008	0.1403	0.1878	210000
	S[1,48]	0.1359	0.02185	0.09613	0.1349	0.1816	210000
	S[1,49]	0.1307	0.02146	0.09171	0.1297	0.1756	210000
	S[1,50]	0.1256	0.02108	0.08746	0.1246	0.1699	210000
	S[1,51]	0.1208	0.0207	0.08342	0.1198	0.1643	210000
	S[1,52]	0.1162	0.02031	0.07957	0.1152	0.1589	210000
	S[1,53]	0.1117	0.01993	0.07587	0.1107	0.1537	210000
	S[1,54]	0.1074	0.01955	0.07241	0.1064	0.1487	210000
	S[1,55]	0.1033	0.01918	0.06904	0.1022	0.1438	210000
	S[1,56]	0.09935	0.0188	0.06586	0.09827	0.1391	210000
	S[1,57]	0.09555	0.01843	0.06279	0.09447	0.1346	210000
	S[1,58]	0.09189	0.01806	0.05986	0.09081	0.1303	210000
	S[1,59]	0.08838	0.01769	0.0571	0.08729	0.126	210000
	S[1,60]	0.085	0.01733	0.05446	0.08391	0.122	210000
	S[1,61]	0.08175	0.01697	0.05191	0.08065	0.118	210000
	S[1,62]	0.07863	0.01661	0.04949	0.07753	0.1142	210000
	S[1,63]	0.07563	0.01626	0.04719	0.07452	0.1105	210000
	S[1,64]	0.07275	0.01591	0.04498	0.07165	0.107	210000
	S[1,65]	0.06997	0.01556	0.04287	0.06886	0.1036	210000
	S[1,66]	0.06731	0.01522	0.04086	0.0662	0.1003	210000
	S[1,67]	0.06474	0.01488	0.03896	0.06364	0.097	210000
	S[1,68]	0.06228	0.01455	0.03713	0.06117	0.0939	210000
	S[1,69]	0.05991	0.01422	0.03539	0.0588	0.09088	210000
	S[1,70]	0.05763	0.0139	0.03375	0.05653	0.08795	210000
	S[1,71]	0.05544	0.01358	0.03217	0.05434	0.08513	210000
	S[1,72]	0.05334	0.01327	0.03066	0.05223	0.08239	210000
	S[1,73]	0.05131	0.01296	0.02923	0.05021	0.07973	210000
	S[1,74]	0.04937	0.01266	0.02785	0.04826	0.07718	210000
	S[1,75]	0.04749	0.01236	0.02654	0.04641	0.07472	210000
	S[1,76]	0.04569	0.01207	0.02531	0.04462	0.07231	210000
	S[1,77]	0.04396	0.01178	0.02411	0.04289	0.07	210000
	S[1,78]	0.0423	0.01149	0.02298	0.04124	0.06777	210000
	S[1,79]	0.0407	0.01122	0.0219	0.03964	0.0656	210000
	S[1,80]	0.03916	0.01094	0.02088	0.0381	0.06352	210000
	S[1,81]	0.03768	0.01067	0.0199	0.03663	0.06149	210000
	S[1,82]	0.03625	0.01041	0.01897	0.03521	0.0595	210000
	S[1,83]	0.03488	0.01015	0.01808	0.03384	0.05761	210000
	S[1,84]	0.03357	0.009901	0.01724	0.03253	0.05579	210000
	S[1,85]	0.0323	0.009654	0.01643	0.03127	0.05402	210000
	S[1,86]	0.03108	0.009411	0.01566	0.03007	0.05229	210000
	S[1,87]	0.02991	0.009173	0.01492	0.02891	0.05063	210000
	S[1,88]	0.02878	0.008941	0.01421	0.02779	0.04902	210000
	S[1,89]	0.0277	0.008713	0.01353	0.02671	0.04746	210000
	S[1,90]	0.02666	0.00849	0.01288	0.02568	0.04595	210000
	S[1,91]	0.02565	0.008271	0.01228	0.02469	0.04451	210000
	S[1,92]	0.02469	0.008058	0.01168	0.02373	0.0431	210000
	S[1,93]	0.02376	0.007849	0.01113	0.02281	0.04173	210000
	S[1,94]	0.02287	0.007644	0.0106	0.02194	0.04042	210000
	S[1,95]	0.02201	0.007445	0.01008	0.02109	0.03914	210000
	S[1,96]	0.02118	0.00725	0.009595	0.02027	0.0379	210000
	S[1,97]	0.02039	0.007059	0.00913	0.01949	0.0367	210000
	S[1,98]	0.01962	0.006872	0.008692	0.01874	0.03554	210000
	S[1,99]	0.01889	0.00669	0.008269	0.01801	0.03442	210000
	S[1,100]	0.01818	0.006512	0.007857	0.01732	0.03333	210000
	S[1,101]	0.0175	0.006339	0.007472	0.01665	0.03228	210000
	S[1,102]	0.01684	0.006169	0.007099	0.016	0.03128	210000
	S[1,103]	0.01621	0.006003	0.006734	0.01539	0.0303	210000
	S[1,104]	0.01561	0.005842	0.006377	0.0148	0.02937	210000
	S[1,105]	0.01502	0.005684	0.006053	0.01423	0.02844	210000
	S[1,106]	0.01446	0.00553	0.005742	0.01368	0.02755	210000
	S[1,107]	0.01392	0.00538	0.00543	0.01315	0.02668	210000
	S[1,108]	0.0134	0.005234	0.005134	0.01265	0.02584	210000
	S[1,109]	0.0129	0.005091	0.004862	0.01216	0.02503	210000
	S[1,110]	0.01242	0.004952	0.004595	0.01169	0.02424	210000
	S[1,111]	0.01196	0.004816	0.004346	0.01124	0.02349	210000
	S[1,112]	0.01151	0.004683	0.004094	0.0108	0.02275	210000
	S[1,113]	0.01108	0.004554	0.003866	0.01039	0.02203	210000
	S[1,114]	0.01067	0.004429	0.003639	0.009986	0.02133	210000
	S[1,115]	0.01027	0.004306	0.003402	0.009603	0.02066	210000
	S[1,116]	0.009892	0.004187	0.003174	0.009233	0.02001	210000
	S[1,117]	0.009524	0.00407	0.002971	0.008879	0.0194	210000
	S[1,118]	0.00917	0.003957	0.002787	0.008536	0.01881	210000
	S[1,119]	0.008829	0.003846	0.002607	0.008208	0.01823	210000
	S[1,120]	0.008502	0.003739	0.002434	0.007892	0.01767	210000
	S[2,1]	0.8861	0.0789	0.6796	0.9066	0.9762	210000
	S[2,2]	0.8379	0.08755	0.6151	0.8581	0.9479	210000
	S[2,3]	0.8007	0.08945	0.5764	0.8198	0.9185	210000
	S[2,4]	0.7685	0.08916	0.5474	0.7865	0.8895	210000
	S[2,5]	0.7393	0.08791	0.5229	0.7562	0.8612	210000
	S[2,6]	0.7122	0.08617	0.5012	0.7282	0.8339	210000
	S[2,7]	0.6867	0.08419	0.4809	0.7017	0.8074	210000
	S[2,8]	0.6626	0.08209	0.4628	0.6767	0.782	210000
	S[2,9]	0.6397	0.07996	0.4461	0.653	0.7575	210000
	S[2,10]	0.6179	0.07783	0.4304	0.6304	0.7342	210000
	S[2,11]	0.597	0.07575	0.4157	0.6087	0.7118	210000
	S[2,12]	0.577	0.07372	0.4014	0.5879	0.6902	210000
	S[2,13]	0.5578	0.07177	0.3884	0.5679	0.6697	210000
	S[2,14]	0.5393	0.06989	0.3753	0.5486	0.6498	210000
	S[2,15]	0.5216	0.0681	0.3626	0.5301	0.6308	210000
	S[2,16]	0.5045	0.06638	0.3503	0.5123	0.6124	210000
	S[2,17]	0.488	0.06475	0.339	0.4952	0.5947	210000
	S[2,18]	0.4722	0.06321	0.3281	0.4787	0.5776	210000
	S[2,19]	0.4569	0.06173	0.3174	0.4628	0.5612	210000
	S[2,20]	0.4422	0.06034	0.3068	0.4476	0.5454	210000
	S[2,21]	0.4279	0.05901	0.2965	0.4328	0.53	210000
	S[2,22]	0.4142	0.05775	0.2868	0.4186	0.5153	210000
	S[2,23]	0.401	0.05655	0.2774	0.4048	0.501	210000
	S[2,24]	0.3882	0.05541	0.2685	0.3916	0.4873	210000
	S[2,25]	0.3758	0.05433	0.2595	0.3788	0.4738	210000
	S[2,26]	0.3639	0.05329	0.2508	0.3665	0.4609	210000
	S[2,27]	0.3523	0.0523	0.2424	0.3546	0.4483	210000
	S[2,28]	0.3412	0.05136	0.234	0.3431	0.4362	210000
	S[2,29]	0.3304	0.05045	0.2261	0.332	0.4246	210000
	S[2,30]	0.32	0.04958	0.2181	0.3213	0.4134	210000
	S[2,31]	0.3099	0.04874	0.2105	0.311	0.4023	210000
	S[2,32]	0.3002	0.04794	0.2032	0.301	0.3916	210000
	S[2,33]	0.2908	0.04716	0.1961	0.2914	0.3813	210000
	S[2,34]	0.2817	0.04641	0.1891	0.2821	0.3712	210000
	S[2,35]	0.2728	0.04567	0.1824	0.2731	0.3614	210000
	S[2,36]	0.2643	0.04496	0.1761	0.2644	0.3521	210000
	S[2,37]	0.2561	0.04427	0.1697	0.256	0.343	210000
	S[2,38]	0.2481	0.0436	0.1637	0.2478	0.3342	210000
	S[2,39]	0.2404	0.04294	0.1577	0.24	0.3256	210000
	S[2,40]	0.2329	0.0423	0.152	0.2323	0.3172	210000
	S[2,41]	0.2257	0.04167	0.1463	0.225	0.3091	210000
	S[2,42]	0.2187	0.04105	0.1409	0.2179	0.3012	210000
	S[2,43]	0.212	0.04044	0.1358	0.211	0.2935	210000
	S[2,44]	0.2054	0.03984	0.1307	0.2043	0.286	210000
	S[2,45]	0.1991	0.03925	0.1258	0.1979	0.2787	210000
	S[2,46]	0.1929	0.03867	0.1211	0.1917	0.2717	210000
	S[2,47]	0.187	0.0381	0.1165	0.1857	0.2648	210000
	S[2,48]	0.1812	0.03754	0.112	0.1799	0.2582	210000
	S[2,49]	0.1757	0.03698	0.1077	0.1742	0.2517	210000
	S[2,50]	0.1703	0.03643	0.1036	0.1688	0.2454	210000
	S[2,51]	0.1651	0.03588	0.0996	0.1635	0.2393	210000
	S[2,52]	0.16	0.03534	0.09581	0.1584	0.2334	210000
	S[2,53]	0.1551	0.03481	0.09209	0.1535	0.2276	210000
	S[2,54]	0.1504	0.03428	0.08851	0.1486	0.2219	210000
	S[2,55]	0.1458	0.03376	0.08503	0.144	0.2165	210000
	S[2,56]	0.1413	0.03324	0.08171	0.1396	0.2111	210000
	S[2,57]	0.137	0.03273	0.07857	0.1352	0.206	210000
	S[2,58]	0.1329	0.03222	0.07553	0.131	0.2008	210000
	S[2,59]	0.1288	0.03172	0.0726	0.1269	0.1959	210000
	S[2,60]	0.1249	0.03122	0.06977	0.123	0.1911	210000
	S[2,61]	0.1211	0.03073	0.06705	0.1192	0.1864	210000
	S[2,62]	0.1174	0.03024	0.06444	0.1154	0.1819	210000
	S[2,63]	0.1139	0.02975	0.06189	0.1119	0.1774	210000
	S[2,64]	0.1104	0.02927	0.05951	0.1084	0.1731	210000
	S[2,65]	0.1071	0.0288	0.05711	0.105	0.1689	210000
	S[2,66]	0.1039	0.02833	0.05487	0.1018	0.1648	210000
	S[2,67]	0.1007	0.02787	0.05267	0.09862	0.1608	210000
	S[2,68]	0.0977	0.02741	0.05058	0.09557	0.1569	210000
	S[2,69]	0.09476	0.02695	0.04858	0.09261	0.1531	210000
	S[2,70]	0.09191	0.0265	0.04664	0.08973	0.1494	210000
	S[2,71]	0.08914	0.02606	0.04479	0.08697	0.1459	210000
	S[2,72]	0.08647	0.02561	0.04302	0.08429	0.1424	210000
	S[2,73]	0.08387	0.02518	0.04128	0.08169	0.139	210000
	S[2,74]	0.08136	0.02475	0.03963	0.07917	0.1356	210000
	S[2,75]	0.07892	0.02432	0.03803	0.07673	0.1324	210000
	S[2,76]	0.07656	0.0239	0.03649	0.07438	0.1292	210000
	S[2,77]	0.07427	0.02349	0.03502	0.07208	0.1261	210000
	S[2,78]	0.07205	0.02308	0.03359	0.06985	0.1231	210000
	S[2,79]	0.0699	0.02267	0.03222	0.0677	0.1202	210000
	S[2,80]	0.06781	0.02227	0.03095	0.06563	0.1173	210000
	S[2,81]	0.06579	0.02187	0.02969	0.0636	0.1145	210000
	S[2,82]	0.06383	0.02148	0.02849	0.06164	0.1117	210000
	S[2,83]	0.06193	0.0211	0.02734	0.05974	0.1091	210000
	S[2,84]	0.06009	0.02072	0.02625	0.0579	0.1065	210000
	S[2,85]	0.05831	0.02034	0.02519	0.05612	0.104	210000
	S[2,86]	0.05658	0.01997	0.02416	0.0544	0.1015	210000
	S[2,87]	0.0549	0.01961	0.02319	0.05273	0.09903	210000
	S[2,88]	0.05327	0.01925	0.02226	0.0511	0.09668	210000
	S[2,89]	0.0517	0.01889	0.02133	0.04952	0.0944	210000
	S[2,90]	0.05017	0.01854	0.02045	0.048	0.09219	210000
	S[2,91]	0.04868	0.0182	0.01961	0.04653	0.09	210000
	S[2,92]	0.04725	0.01786	0.01881	0.04511	0.08788	210000
	S[2,93]	0.04585	0.01753	0.01804	0.04372	0.08581	210000
	S[2,94]	0.0445	0.0172	0.0173	0.04238	0.08379	210000
	S[2,95]	0.04319	0.01687	0.0166	0.04107	0.08183	210000
	S[2,96]	0.04192	0.01655	0.01593	0.03981	0.07992	210000
	S[2,97]	0.04068	0.01624	0.01527	0.03858	0.07803	210000
	S[2,98]	0.03949	0.01593	0.01464	0.0374	0.0762	210000
	S[2,99]	0.03833	0.01562	0.01404	0.03625	0.07443	210000
	S[2,100]	0.0372	0.01532	0.01347	0.03513	0.07268	210000
	S[2,101]	0.03611	0.01503	0.01292	0.03405	0.07098	210000
	S[2,102]	0.03505	0.01474	0.01238	0.033	0.06931	210000
	S[2,103]	0.03403	0.01445	0.01187	0.03199	0.06768	210000
	S[2,104]	0.03303	0.01417	0.01138	0.03101	0.0661	210000
	S[2,105]	0.03207	0.0139	0.0109	0.03005	0.06458	210000
	S[2,106]	0.03113	0.01362	0.01046	0.02913	0.06305	210000
	S[2,107]	0.03022	0.01336	0.01003	0.02823	0.06157	210000
	S[2,108]	0.02934	0.0131	0.009623	0.02737	0.06016	210000
	S[2,109]	0.02848	0.01284	0.009233	0.02653	0.05876	210000
	S[2,110]	0.02765	0.01258	0.008853	0.02572	0.0574	210000
	S[2,111]	0.02685	0.01233	0.008485	0.02493	0.05608	210000
	S[2,112]	0.02607	0.01209	0.00814	0.02417	0.05477	210000
	S[2,113]	0.02531	0.01185	0.007791	0.02343	0.05351	210000
	S[2,114]	0.02458	0.01161	0.00746	0.02271	0.05224	210000
	S[2,115]	0.02386	0.01138	0.00715	0.02201	0.05102	210000
	S[2,116]	0.02317	0.01115	0.00685	0.02134	0.04983	210000
	S[2,117]	0.0225	0.01093	0.006565	0.02069	0.04869	210000
	S[2,118]	0.02185	0.01071	0.006291	0.02005	0.04755	210000
	S[2,119]	0.02122	0.01049	0.006027	0.01944	0.04644	210000
	S[2,120]	0.0206	0.01028	0.005775	0.01885	0.04536	210000
	S[3,1]	0.9185	0.05501	0.7762	0.9323	0.9819	210000
	S[3,2]	0.8807	0.0627	0.7223	0.8947	0.9598	210000
	S[3,3]	0.8508	0.0651	0.6887	0.8643	0.9368	210000
	S[3,4]	0.8245	0.06571	0.6621	0.8373	0.9139	210000
	S[3,5]	0.8002	0.06551	0.6397	0.8125	0.8914	210000
	S[3,6]	0.7774	0.06488	0.6193	0.7891	0.8695	210000
	S[3,7]	0.7559	0.06403	0.6008	0.7669	0.8483	210000
	S[3,8]	0.7352	0.06307	0.5837	0.7456	0.8277	210000
	S[3,9]	0.7155	0.06205	0.5676	0.7253	0.8078	210000
	S[3,10]	0.6964	0.06102	0.5518	0.7056	0.7888	210000
	S[3,11]	0.6781	0.06001	0.5369	0.6867	0.7703	210000
	S[3,12]	0.6604	0.05904	0.5224	0.6684	0.7525	210000
	S[3,13]	0.6432	0.05811	0.5083	0.6506	0.7353	210000
	S[3,14]	0.6266	0.05724	0.4949	0.6334	0.7186	210000
	S[3,15]	0.6105	0.05642	0.4818	0.6168	0.7026	210000
	S[3,16]	0.5949	0.05565	0.469	0.6007	0.687	210000
	S[3,17]	0.5797	0.05495	0.4566	0.585	0.672	210000
	S[3,18]	0.565	0.05429	0.4445	0.5699	0.6572	210000
	S[3,19]	0.5507	0.05369	0.4326	0.5551	0.643	210000
	S[3,20]	0.5368	0.05313	0.4212	0.5408	0.6292	210000
	S[3,21]	0.5233	0.05263	0.4096	0.5269	0.616	210000
	S[3,22]	0.5102	0.05216	0.3983	0.5134	0.603	210000
	S[3,23]	0.4974	0.05173	0.3874	0.5003	0.5902	210000
	S[3,24]	0.485	0.05133	0.3766	0.4877	0.5778	210000
	S[3,25]	0.4729	0.05096	0.3663	0.4753	0.5657	210000
	S[3,26]	0.4611	0.05062	0.3561	0.4633	0.5541	210000
	S[3,27]	0.4497	0.0503	0.3461	0.4515	0.5428	210000
	S[3,28]	0.4386	0.05001	0.3362	0.4401	0.5317	210000
	S[3,29]	0.4277	0.04973	0.3267	0.4291	0.5209	210000
	S[3,30]	0.4172	0.04946	0.3173	0.4183	0.5105	210000
	S[3,31]	0.4069	0.04921	0.3079	0.4078	0.5001	210000
	S[3,32]	0.3969	0.04896	0.2989	0.3976	0.4902	210000
	S[3,33]	0.3871	0.04873	0.2901	0.3876	0.4804	210000
	S[3,34]	0.3776	0.04849	0.2815	0.3779	0.4708	210000
	S[3,35]	0.3684	0.04827	0.2733	0.3685	0.4614	210000
	S[3,36]	0.3593	0.04804	0.265	0.3594	0.4523	210000
	S[3,37]	0.3506	0.04781	0.257	0.3505	0.4435	210000
	S[3,38]	0.342	0.04759	0.2493	0.3418	0.4349	210000
	S[3,39]	0.3337	0.04736	0.2417	0.3334	0.4264	210000
	S[3,40]	0.3255	0.04713	0.2344	0.3252	0.4181	210000
	S[3,41]	0.3176	0.0469	0.2272	0.3172	0.4101	210000
	S[3,42]	0.3099	0.04666	0.2202	0.3094	0.4022	210000
	S[3,43]	0.3024	0.04642	0.2134	0.3018	0.3944	210000
	S[3,44]	0.2951	0.04618	0.2068	0.2944	0.3868	210000
	S[3,45]	0.2879	0.04593	0.2004	0.2871	0.3794	210000
	S[3,46]	0.281	0.04567	0.1942	0.2801	0.3721	210000
	S[3,47]	0.2742	0.04541	0.1883	0.2732	0.365	210000
	S[3,48]	0.2676	0.04515	0.1823	0.2665	0.358	210000
	S[3,49]	0.2611	0.04487	0.1767	0.26	0.3512	210000
	S[3,50]	0.2548	0.04459	0.1711	0.2536	0.3446	210000
	S[3,51]	0.2487	0.04431	0.1657	0.2474	0.3381	210000
	S[3,52]	0.2427	0.04402	0.1605	0.2414	0.3317	210000
	S[3,53]	0.2369	0.04372	0.1554	0.2355	0.3255	210000
	S[3,54]	0.2312	0.04342	0.1505	0.2298	0.3194	210000
	S[3,55]	0.2257	0.04312	0.1457	0.2242	0.3134	210000
	S[3,56]	0.2203	0.0428	0.1411	0.2187	0.3075	210000
	S[3,57]	0.215	0.04249	0.1366	0.2134	0.3018	210000
	S[3,58]	0.2099	0.04216	0.1322	0.2082	0.2962	210000
	S[3,59]	0.2048	0.04184	0.1279	0.2031	0.2907	210000
	S[3,60]	0.2	0.0415	0.1238	0.1982	0.2854	210000
	S[3,61]	0.1952	0.04117	0.1198	0.1934	0.2801	210000
	S[3,62]	0.1905	0.04083	0.116	0.1887	0.275	210000
	S[3,63]	0.186	0.04048	0.1123	0.1841	0.27	210000
	S[3,64]	0.1816	0.04013	0.1086	0.1796	0.2649	210000
	S[3,65]	0.1773	0.03978	0.1051	0.1753	0.26	210000
	S[3,66]	0.1731	0.03943	0.1017	0.171	0.2552	210000
	S[3,67]	0.169	0.03907	0.09841	0.1669	0.2505	210000
	S[3,68]	0.165	0.03871	0.09523	0.1629	0.2459	210000
	S[3,69]	0.1611	0.03835	0.09211	0.1589	0.2415	210000
	S[3,70]	0.1573	0.03798	0.08913	0.1551	0.237	210000
	S[3,71]	0.1535	0.03761	0.08622	0.1513	0.2327	210000
	S[3,72]	0.1499	0.03725	0.08342	0.1477	0.2284	210000
	S[3,73]	0.1464	0.03688	0.0807	0.1441	0.2243	210000
	S[3,74]	0.1429	0.0365	0.07808	0.1406	0.2202	210000
	S[3,75]	0.1396	0.03613	0.07555	0.1373	0.2163	210000
	S[3,76]	0.1363	0.03576	0.07306	0.134	0.2123	210000
	S[3,77]	0.1331	0.03538	0.07069	0.1307	0.2085	210000
	S[3,78]	0.1299	0.03501	0.06839	0.1276	0.2047	210000
	S[3,79]	0.1269	0.03463	0.06618	0.1245	0.201	210000
	S[3,80]	0.1239	0.03425	0.06402	0.1215	0.1973	210000
	S[3,81]	0.121	0.03388	0.06192	0.1186	0.1937	210000
	S[3,82]	0.1182	0.0335	0.05986	0.1157	0.1902	210000
	S[3,83]	0.1154	0.03313	0.05788	0.1129	0.1868	210000
	S[3,84]	0.1127	0.03275	0.05598	0.1102	0.1834	210000
	S[3,85]	0.1101	0.03238	0.05418	0.1076	0.1801	210000
	S[3,86]	0.1075	0.032	0.05236	0.105	0.1768	210000
	S[3,87]	0.105	0.03163	0.05066	0.1024	0.1736	210000
	S[3,88]	0.1026	0.03126	0.049	0.09997	0.1705	210000
	S[3,89]	0.1002	0.03089	0.04739	0.09756	0.1674	210000
	S[3,90]	0.09783	0.03052	0.04583	0.09523	0.1644	210000
	S[3,91]	0.09555	0.03015	0.04432	0.09295	0.1614	210000
	S[3,92]	0.09333	0.02979	0.04287	0.09072	0.1585	210000
	S[3,93]	0.09116	0.02942	0.04148	0.08853	0.1556	210000
	S[3,94]	0.08905	0.02906	0.04011	0.0864	0.1529	210000
	S[3,95]	0.08698	0.0287	0.0388	0.08433	0.1502	210000
	S[3,96]	0.08496	0.02834	0.03753	0.08229	0.1475	210000
	S[3,97]	0.083	0.02798	0.03629	0.08032	0.1448	210000
	S[3,98]	0.08108	0.02763	0.03509	0.07837	0.1422	210000
	S[3,99]	0.0792	0.02728	0.03394	0.07649	0.1396	210000
	S[3,100]	0.07737	0.02693	0.03282	0.07465	0.1371	210000
	S[3,101]	0.07558	0.02658	0.03173	0.07286	0.1347	210000
	S[3,102]	0.07384	0.02623	0.03068	0.0711	0.1323	210000
	S[3,103]	0.07213	0.02589	0.02967	0.0694	0.1299	210000
	S[3,104]	0.07047	0.02555	0.02871	0.06773	0.1276	210000
	S[3,105]	0.06885	0.02521	0.02775	0.0661	0.1254	210000
	S[3,106]	0.06726	0.02488	0.02683	0.06451	0.1231	210000
	S[3,107]	0.06572	0.02455	0.02595	0.06296	0.1209	210000
	S[3,108]	0.06421	0.02422	0.0251	0.06145	0.1187	210000
	S[3,109]	0.06273	0.02389	0.02428	0.05996	0.1166	210000
	S[3,110]	0.06129	0.02357	0.02346	0.05852	0.1145	210000
	S[3,111]	0.05989	0.02325	0.0227	0.05712	0.1125	210000
	S[3,112]	0.05851	0.02293	0.02194	0.05575	0.1105	210000
	S[3,113]	0.05717	0.02261	0.02121	0.05441	0.1085	210000
	S[3,114]	0.05586	0.0223	0.02051	0.05311	0.1065	210000
	S[3,115]	0.05459	0.02199	0.01984	0.05184	0.1047	210000
	S[3,116]	0.05334	0.02169	0.01917	0.05059	0.1028	210000
	S[3,117]	0.05212	0.02139	0.01853	0.04938	0.101	210000
	S[3,118]	0.05093	0.02109	0.01791	0.04819	0.09917	210000
	S[3,119]	0.04977	0.02079	0.0173	0.04703	0.09745	210000
	S[3,120]	0.04864	0.0205	0.01673	0.04591	0.09575	210000
	S[4,1]	0.9381	0.07596	0.7265	0.9636	0.9954	210000
	S[4,2]	0.9038	0.08676	0.6638	0.931	0.9818	210000
	S[4,3]	0.8735	0.09074	0.6249	0.9001	0.9633	210000
	S[4,4]	0.845	0.09213	0.595	0.8705	0.9422	210000
	S[4,5]	0.8177	0.09219	0.5699	0.8421	0.9198	210000
	S[4,6]	0.7914	0.09151	0.5478	0.8146	0.8969	210000
	S[4,7]	0.7661	0.09039	0.5273	0.788	0.8738	210000
	S[4,8]	0.7417	0.08901	0.5076	0.7621	0.8511	210000
	S[4,9]	0.7181	0.0875	0.4902	0.7371	0.8289	210000
	S[4,10]	0.6952	0.08592	0.4734	0.713	0.8073	210000
	S[4,11]	0.6731	0.08432	0.4582	0.6897	0.786	210000
	S[4,12]	0.6517	0.08275	0.4432	0.6671	0.7653	210000
	S[4,13]	0.6311	0.08122	0.4287	0.6451	0.7455	210000
	S[4,14]	0.6111	0.07975	0.4144	0.6241	0.726	210000
	S[4,15]	0.5917	0.07835	0.4005	0.6036	0.7076	210000
	S[4,16]	0.573	0.07702	0.387	0.5839	0.6893	210000
	S[4,17]	0.5549	0.07577	0.3745	0.5649	0.6716	210000
	S[4,18]	0.5373	0.07458	0.3621	0.5464	0.6547	210000
	S[4,19]	0.5204	0.07347	0.3499	0.5287	0.6382	210000
	S[4,20]	0.504	0.07241	0.3386	0.5116	0.6223	210000
	S[4,21]	0.4881	0.07142	0.3272	0.495	0.6066	210000
	S[4,22]	0.4728	0.07048	0.316	0.479	0.5914	210000
	S[4,23]	0.4579	0.0696	0.3049	0.4635	0.577	210000
	S[4,24]	0.4435	0.06875	0.294	0.4485	0.5628	210000
	S[4,25]	0.4296	0.06795	0.2831	0.4341	0.5489	210000
	S[4,26]	0.4162	0.06718	0.2728	0.4201	0.5358	210000
	S[4,27]	0.4031	0.06644	0.2627	0.4066	0.5228	210000
	S[4,28]	0.3905	0.06573	0.2529	0.3936	0.51	210000
	S[4,29]	0.3783	0.06503	0.2432	0.381	0.4975	210000
	S[4,30]	0.3665	0.06436	0.234	0.3688	0.4854	210000
	S[4,31]	0.3551	0.0637	0.2251	0.3571	0.4739	210000
	S[4,32]	0.3441	0.06305	0.2165	0.3457	0.4626	210000
	S[4,33]	0.3334	0.06241	0.2079	0.3347	0.4516	210000
	S[4,34]	0.323	0.06178	0.1997	0.3241	0.4409	210000
	S[4,35]	0.313	0.06115	0.1918	0.3138	0.4304	210000
	S[4,36]	0.3033	0.06053	0.1841	0.3038	0.4204	210000
	S[4,37]	0.2939	0.05991	0.1769	0.2941	0.4106	210000
	S[4,38]	0.2848	0.05929	0.1697	0.2848	0.4009	210000
	S[4,39]	0.276	0.05867	0.1627	0.2758	0.3915	210000
	S[4,40]	0.2675	0.05805	0.156	0.2671	0.3824	210000
	S[4,41]	0.2593	0.05743	0.1496	0.2586	0.3733	210000
	S[4,42]	0.2513	0.05681	0.1432	0.2505	0.3646	210000
	S[4,43]	0.2436	0.05618	0.1372	0.2426	0.3562	210000
	S[4,44]	0.2361	0.05555	0.1315	0.2349	0.3479	210000
	S[4,45]	0.2289	0.05492	0.1259	0.2275	0.3397	210000
	S[4,46]	0.2218	0.05429	0.1206	0.2204	0.3318	210000
	S[4,47]	0.2151	0.05365	0.1154	0.2134	0.3241	210000
	S[4,48]	0.2085	0.05301	0.1105	0.2067	0.3166	210000
	S[4,49]	0.2021	0.05237	0.1058	0.2002	0.3094	210000
	S[4,50]	0.196	0.05173	0.1013	0.1939	0.3023	210000
	S[4,51]	0.19	0.05109	0.09692	0.1877	0.2954	210000
	S[4,52]	0.1842	0.05044	0.09274	0.1818	0.2886	210000
	S[4,53]	0.1786	0.04979	0.0888	0.1761	0.2821	210000
	S[4,54]	0.1732	0.04915	0.08497	0.1706	0.2756	210000
	S[4,55]	0.1679	0.0485	0.08137	0.1652	0.2694	210000
	S[4,56]	0.1629	0.04785	0.07783	0.16	0.2632	210000
	S[4,57]	0.1579	0.0472	0.0744	0.155	0.2573	210000
	S[4,58]	0.1532	0.04655	0.07113	0.1502	0.2514	210000
	S[4,59]	0.1485	0.0459	0.06807	0.1455	0.2458	210000
	S[4,60]	0.1441	0.04526	0.06511	0.1409	0.2403	210000
	S[4,61]	0.1397	0.04461	0.06226	0.1365	0.2348	210000
	S[4,62]	0.1355	0.04397	0.05947	0.1323	0.2295	210000
	S[4,63]	0.1315	0.04333	0.05682	0.1281	0.2245	210000
	S[4,64]	0.1275	0.04269	0.05426	0.1241	0.2195	210000
	S[4,65]	0.1237	0.04206	0.05185	0.1202	0.2147	210000
	S[4,66]	0.12	0.04143	0.04953	0.1165	0.2099	210000
	S[4,67]	0.1164	0.0408	0.04737	0.1129	0.2052	210000
	S[4,68]	0.1129	0.04017	0.04523	0.1093	0.2006	210000
	S[4,69]	0.1096	0.03955	0.04323	0.1059	0.1962	210000
	S[4,70]	0.1063	0.03893	0.0413	0.1026	0.1918	210000
	S[4,71]	0.1031	0.03832	0.03945	0.09942	0.1876	210000
	S[4,72]	0.1001	0.03771	0.0377	0.09632	0.1835	210000
	S[4,73]	0.0971	0.03711	0.03599	0.09331	0.1794	210000
	S[4,74]	0.09422	0.03651	0.03439	0.09039	0.1754	210000
	S[4,75]	0.09143	0.03592	0.03286	0.08756	0.1715	210000
	S[4,76]	0.08873	0.03533	0.03139	0.08483	0.1678	210000
	S[4,77]	0.0861	0.03475	0.02996	0.08219	0.164	210000
	S[4,78]	0.08356	0.03417	0.02862	0.07963	0.1604	210000
	S[4,79]	0.0811	0.0336	0.0273	0.07713	0.1569	210000
	S[4,80]	0.07871	0.03303	0.02605	0.07472	0.1535	210000
	S[4,81]	0.0764	0.03247	0.02489	0.07239	0.1501	210000
	S[4,82]	0.07415	0.03192	0.02376	0.07015	0.1468	210000
	S[4,83]	0.07198	0.03138	0.02268	0.06798	0.1435	210000
	S[4,84]	0.06987	0.03084	0.02167	0.06587	0.1403	210000
	S[4,85]	0.06782	0.0303	0.02069	0.06382	0.1373	210000
	S[4,86]	0.06584	0.02977	0.01975	0.06183	0.1343	210000
	S[4,87]	0.06392	0.02925	0.01884	0.05989	0.1314	210000
	S[4,88]	0.06205	0.02874	0.01799	0.05803	0.1285	210000
	S[4,89]	0.06024	0.02823	0.01716	0.05622	0.1256	210000
	S[4,90]	0.05849	0.02773	0.01636	0.05448	0.1228	210000
	S[4,91]	0.05679	0.02724	0.01561	0.0528	0.1201	210000
	S[4,92]	0.05514	0.02675	0.01489	0.05116	0.1175	210000
	S[4,93]	0.05354	0.02627	0.01421	0.04957	0.115	210000
	S[4,94]	0.05199	0.02579	0.01358	0.04802	0.1124	210000
	S[4,95]	0.05048	0.02533	0.01296	0.04654	0.11	210000
	S[4,96]	0.04902	0.02487	0.01236	0.04508	0.1076	210000
	S[4,97]	0.04761	0.02441	0.01178	0.04369	0.1052	210000
	S[4,98]	0.04623	0.02397	0.01124	0.04232	0.1029	210000
	S[4,99]	0.0449	0.02352	0.01072	0.041	0.1007	210000
	S[4,100]	0.04361	0.02309	0.01022	0.03972	0.09847	210000
	S[4,101]	0.04235	0.02266	0.009759	0.03848	0.09629	210000
	S[4,102]	0.04114	0.02224	0.009318	0.03728	0.09421	210000
	S[4,103]	0.03996	0.02183	0.008893	0.03612	0.09216	210000
	S[4,104]	0.03881	0.02142	0.008488	0.035	0.09019	210000
	S[4,105]	0.0377	0.02102	0.008097	0.03392	0.08824	210000
	S[4,106]	0.03662	0.02063	0.007719	0.03287	0.08632	210000
	S[4,107]	0.03558	0.02024	0.007359	0.03185	0.08443	210000
	S[4,108]	0.03456	0.01986	0.007017	0.03086	0.08261	210000
	S[4,109]	0.03358	0.01948	0.006693	0.0299	0.0808	210000
	S[4,110]	0.03262	0.01911	0.006386	0.02898	0.07907	210000
	S[4,111]	0.03169	0.01875	0.006089	0.02808	0.07736	210000
	S[4,112]	0.03079	0.01839	0.005809	0.0272	0.07568	210000
	S[4,113]	0.02992	0.01804	0.005548	0.02636	0.07403	210000
	S[4,114]	0.02907	0.01769	0.005294	0.02553	0.07244	210000
	S[4,115]	0.02825	0.01735	0.005046	0.02474	0.07087	210000
	S[4,116]	0.02745	0.01702	0.004809	0.02397	0.06938	210000
	S[4,117]	0.02667	0.01669	0.004581	0.02323	0.06789	210000
	S[4,118]	0.02592	0.01637	0.004362	0.02251	0.06637	210000
	S[4,119]	0.02519	0.01605	0.004157	0.02181	0.06498	210000
	S[4,120]	0.02448	0.01574	0.003954	0.02112	0.06359	210000
	S[5,1]	0.9924	0.01062	0.9653	0.9957	1.001	210000
	S[5,2]	0.9798	0.01618	0.9377	0.9843	0.9952	210000
	S[5,3]	0.9638	0.02008	0.9124	0.9687	0.9862	210000
	S[5,4]	0.9457	0.02291	0.8881	0.9508	0.974	210000
	S[5,5]	0.9263	0.02506	0.8644	0.9313	0.9595	210000
	S[5,6]	0.9061	0.02676	0.8416	0.9109	0.9436	210000
	S[5,7]	0.8855	0.0282	0.8186	0.8899	0.927	210000
	S[5,8]	0.8646	0.02949	0.7959	0.8687	0.9098	210000
	S[5,9]	0.8437	0.03073	0.7734	0.8475	0.8923	210000
	S[5,10]	0.8228	0.03196	0.751	0.8263	0.8749	210000
	S[5,11]	0.8021	0.03321	0.7283	0.8053	0.8576	210000
	S[5,12]	0.7817	0.03449	0.7059	0.7846	0.8405	210000
	S[5,13]	0.7615	0.03581	0.6838	0.7641	0.8237	210000
	S[5,14]	0.7416	0.03716	0.6618	0.744	0.8071	210000
	S[5,15]	0.7221	0.03853	0.6399	0.7243	0.7908	210000
	S[5,16]	0.7029	0.03992	0.6186	0.7051	0.7747	210000
	S[5,17]	0.6841	0.04131	0.5973	0.6862	0.759	210000
	S[5,18]	0.6658	0.04269	0.5765	0.6678	0.7436	210000
	S[5,19]	0.6478	0.04404	0.5559	0.6497	0.7284	210000
	S[5,20]	0.6302	0.04537	0.5359	0.632	0.7136	210000
	S[5,21]	0.6131	0.04666	0.5165	0.6148	0.699	210000
	S[5,22]	0.5963	0.0479	0.4975	0.598	0.685	210000
	S[5,23]	0.58	0.04909	0.4792	0.5816	0.6712	210000
	S[5,24]	0.5641	0.05023	0.4611	0.5656	0.6577	210000
	S[5,25]	0.5485	0.05131	0.4439	0.5499	0.6443	210000
	S[5,26]	0.5334	0.05232	0.427	0.5347	0.6313	210000
	S[5,27]	0.5186	0.05328	0.4107	0.5199	0.6187	210000
	S[5,28]	0.5043	0.05416	0.3949	0.5055	0.6061	210000
	S[5,29]	0.4903	0.05499	0.3796	0.4914	0.5939	210000
	S[5,30]	0.4767	0.05575	0.3649	0.4777	0.5819	210000
	S[5,31]	0.4634	0.05644	0.3506	0.4644	0.5703	210000
	S[5,32]	0.4505	0.05707	0.3367	0.4514	0.5588	210000
	S[5,33]	0.438	0.05763	0.3233	0.4388	0.5477	210000
	S[5,34]	0.4258	0.05814	0.3106	0.4265	0.5369	210000
	S[5,35]	0.4139	0.05858	0.2983	0.4145	0.5261	210000
	S[5,36]	0.4023	0.05897	0.2863	0.4028	0.5157	210000
	S[5,37]	0.3911	0.0593	0.2748	0.3914	0.5054	210000
	S[5,38]	0.3802	0.05957	0.2638	0.3805	0.4953	210000
	S[5,39]	0.3696	0.0598	0.2531	0.3698	0.4854	210000
	S[5,40]	0.3592	0.05997	0.2428	0.3593	0.4757	210000
	S[5,41]	0.3492	0.06009	0.233	0.3492	0.4662	210000
	S[5,42]	0.3394	0.06016	0.2236	0.3392	0.4569	210000
	S[5,43]	0.3299	0.06019	0.2144	0.3296	0.4478	210000
	S[5,44]	0.3207	0.06018	0.2057	0.3202	0.4388	210000
	S[5,45]	0.3118	0.06012	0.1973	0.3111	0.4301	210000
	S[5,46]	0.303	0.06003	0.1891	0.3022	0.4215	210000
	S[5,47]	0.2946	0.0599	0.1813	0.2936	0.4132	210000
	S[5,48]	0.2864	0.05973	0.1739	0.2853	0.405	210000
	S[5,49]	0.2784	0.05953	0.1667	0.2771	0.397	210000
	S[5,50]	0.2706	0.0593	0.1598	0.2692	0.3892	210000
	S[5,51]	0.263	0.05903	0.1531	0.2615	0.3815	210000
	S[5,52]	0.2557	0.05874	0.1468	0.2541	0.374	210000
	S[5,53]	0.2486	0.05843	0.1407	0.2468	0.3666	210000
	S[5,54]	0.2416	0.05808	0.1348	0.2397	0.3593	210000
	S[5,55]	0.2349	0.05772	0.1292	0.2329	0.3522	210000
	S[5,56]	0.2284	0.05733	0.1237	0.2262	0.3453	210000
	S[5,57]	0.222	0.05692	0.1185	0.2198	0.3385	210000
	S[5,58]	0.2158	0.05649	0.1135	0.2134	0.3318	210000
	S[5,59]	0.2098	0.05605	0.1088	0.2073	0.3252	210000
	S[5,60]	0.204	0.05559	0.1042	0.2013	0.3188	210000
	S[5,61]	0.1983	0.05511	0.09981	0.1956	0.3125	210000
	S[5,62]	0.1928	0.05462	0.09558	0.19	0.3063	210000
	S[5,63]	0.1875	0.05411	0.09156	0.1845	0.3002	210000
	S[5,64]	0.1823	0.0536	0.08768	0.1792	0.2943	210000
	S[5,65]	0.1772	0.05307	0.08396	0.174	0.2886	210000
	S[5,66]	0.1723	0.05253	0.08045	0.169	0.2829	210000
	S[5,67]	0.1676	0.05199	0.07701	0.1641	0.2774	210000
	S[5,68]	0.1629	0.05143	0.07376	0.1594	0.2719	210000
	S[5,69]	0.1584	0.05087	0.07064	0.1548	0.2665	210000
	S[5,70]	0.1541	0.0503	0.06762	0.1503	0.2612	210000
	S[5,71]	0.1498	0.04973	0.06472	0.146	0.256	210000
	S[5,72]	0.1457	0.04915	0.06194	0.1418	0.251	210000
	S[5,73]	0.1417	0.04857	0.05929	0.1377	0.246	210000
	S[5,74]	0.1378	0.04799	0.05676	0.1337	0.2413	210000
	S[5,75]	0.134	0.0474	0.05433	0.1299	0.2365	210000
	S[5,76]	0.1303	0.04681	0.052	0.1261	0.2319	210000
	S[5,77]	0.1267	0.04621	0.0498	0.1225	0.2273	210000
	S[5,78]	0.1232	0.04562	0.04766	0.1189	0.2229	210000
	S[5,79]	0.1199	0.04503	0.0456	0.1155	0.2185	210000
	S[5,80]	0.1166	0.04443	0.04368	0.1121	0.2142	210000
	S[5,81]	0.1134	0.04384	0.04181	0.1089	0.2099	210000
	S[5,82]	0.1103	0.04325	0.04001	0.1057	0.2058	210000
	S[5,83]	0.1073	0.04266	0.03828	0.1027	0.2017	210000
	S[5,84]	0.1044	0.04207	0.03664	0.09967	0.1978	210000
	S[5,85]	0.1015	0.04148	0.03507	0.09678	0.1939	210000
	S[5,86]	0.09874	0.04089	0.03357	0.09397	0.19	210000
	S[5,87]	0.09605	0.04031	0.03213	0.09124	0.1862	210000
	S[5,88]	0.09344	0.03973	0.03073	0.08859	0.1826	210000
	S[5,89]	0.0909	0.03915	0.0294	0.08601	0.179	210000
	S[5,90]	0.08843	0.03858	0.02815	0.08352	0.1755	210000
	S[5,91]	0.08603	0.03801	0.02693	0.0811	0.172	210000
	S[5,92]	0.0837	0.03744	0.02578	0.07875	0.1686	210000
	S[5,93]	0.08143	0.03688	0.02467	0.07646	0.1653	210000
	S[5,94]	0.07923	0.03633	0.0236	0.07423	0.1621	210000
	S[5,95]	0.07709	0.03577	0.02257	0.07207	0.1589	210000
	S[5,96]	0.07501	0.03523	0.02154	0.06998	0.1558	210000
	S[5,97]	0.07298	0.03468	0.02061	0.06793	0.1528	210000
	S[5,98]	0.07101	0.03414	0.01971	0.06595	0.1498	210000
	S[5,99]	0.0691	0.03361	0.01885	0.06403	0.1469	210000
	S[5,100]	0.06724	0.03308	0.01803	0.06216	0.144	210000
	S[5,101]	0.06543	0.03256	0.01726	0.06035	0.1412	210000
	S[5,102]	0.06368	0.03204	0.01651	0.05859	0.1384	210000
	S[5,103]	0.06197	0.03153	0.01578	0.05688	0.1357	210000
	S[5,104]	0.0603	0.03103	0.0151	0.05522	0.1331	210000
	S[5,105]	0.05869	0.03053	0.01444	0.05361	0.1304	210000
	S[5,106]	0.05712	0.03003	0.01381	0.05205	0.1279	210000
	S[5,107]	0.05559	0.02954	0.01321	0.05053	0.1254	210000
	S[5,108]	0.05411	0.02906	0.01264	0.04905	0.1229	210000
	S[5,109]	0.05266	0.02858	0.01209	0.04761	0.1205	210000
	S[5,110]	0.05126	0.02811	0.01156	0.04623	0.1181	210000
	S[5,111]	0.04989	0.02765	0.01106	0.04488	0.1158	210000
	S[5,112]	0.04856	0.02719	0.01057	0.04358	0.1136	210000
	S[5,113]	0.04727	0.02674	0.01011	0.04231	0.1114	210000
	S[5,114]	0.04602	0.02629	0.009671	0.04107	0.1092	210000
	S[5,115]	0.0448	0.02585	0.009248	0.03987	0.1071	210000
	S[5,116]	0.04361	0.02541	0.008843	0.03871	0.105	210000
	S[5,117]	0.04245	0.02498	0.008453	0.03758	0.1029	210000
	S[5,118]	0.04133	0.02456	0.008083	0.03649	0.1009	210000
	S[5,119]	0.04024	0.02414	0.007723	0.03542	0.0989	210000
	S[5,120]	0.03917	0.02373	0.007384	0.03438	0.09695	210000
	S[6,1]	0.9932	0.005104	0.9796	0.9946	0.9995	210000
	S[6,2]	0.9773	0.009781	0.9527	0.9793	0.9904	210000
	S[6,3]	0.9558	0.01345	0.9234	0.958	0.9756	210000
	S[6,4]	0.931	0.01631	0.893	0.9333	0.9564	210000
	S[6,5]	0.9044	0.01862	0.862	0.9065	0.9346	210000
	S[6,6]	0.8767	0.02058	0.8308	0.8788	0.9111	210000
	S[6,7]	0.8485	0.02234	0.7995	0.8504	0.8869	210000
	S[6,8]	0.8203	0.02399	0.7684	0.822	0.8623	210000
	S[6,9]	0.7922	0.02557	0.7376	0.7938	0.8377	210000
	S[6,10]	0.7644	0.0271	0.7072	0.7659	0.8134	210000
	S[6,11]	0.7371	0.0286	0.6774	0.7386	0.7894	210000
	S[6,12]	0.7104	0.03007	0.648	0.7117	0.7658	210000
	S[6,13]	0.6844	0.03149	0.6194	0.6856	0.7427	210000
	S[6,14]	0.659	0.03286	0.5915	0.6601	0.7202	210000
	S[6,15]	0.6343	0.03417	0.5646	0.6354	0.6984	210000
	S[6,16]	0.6103	0.03541	0.5383	0.6114	0.677	210000
	S[6,17]	0.5871	0.03658	0.5129	0.5881	0.6562	210000
	S[6,18]	0.5647	0.03766	0.4885	0.5656	0.6359	210000
	S[6,19]	0.5429	0.03866	0.4649	0.5438	0.6164	210000
	S[6,20]	0.522	0.03956	0.4425	0.5227	0.5974	210000
	S[6,21]	0.5017	0.04038	0.4207	0.5024	0.579	210000
	S[6,22]	0.4821	0.04111	0.3999	0.4828	0.5611	210000
	S[6,23]	0.4633	0.04175	0.38	0.4639	0.5437	210000
	S[6,24]	0.4451	0.0423	0.3608	0.4457	0.5268	210000
	S[6,25]	0.4276	0.04277	0.3425	0.4281	0.5104	210000
	S[6,26]	0.4108	0.04315	0.3251	0.4111	0.4946	210000
	S[6,27]	0.3945	0.04346	0.3085	0.3948	0.4793	210000
	S[6,28]	0.3789	0.04369	0.2926	0.379	0.4644	210000
	S[6,29]	0.3639	0.04384	0.2776	0.3639	0.45	210000
	S[6,30]	0.3494	0.04393	0.2632	0.3494	0.4359	210000
	S[6,31]	0.3355	0.04395	0.2496	0.3354	0.4222	210000
	S[6,32]	0.3221	0.04391	0.2367	0.3218	0.4091	210000
	S[6,33]	0.3093	0.04381	0.2244	0.3089	0.3964	210000
	S[6,34]	0.2969	0.04365	0.2127	0.2964	0.3841	210000
	S[6,35]	0.2851	0.04345	0.2015	0.2844	0.3722	210000
	S[6,36]	0.2737	0.0432	0.191	0.2728	0.3606	210000
	S[6,37]	0.2627	0.0429	0.1809	0.2618	0.3493	210000
	S[6,38]	0.2522	0.04256	0.1714	0.2512	0.3384	210000
	S[6,39]	0.2421	0.04219	0.1623	0.241	0.3278	210000
	S[6,40]	0.2324	0.04178	0.1538	0.2312	0.3175	210000
	S[6,41]	0.223	0.04134	0.1456	0.2218	0.3076	210000
	S[6,42]	0.2141	0.04087	0.1379	0.2128	0.298	210000
	S[6,43]	0.2055	0.04038	0.1305	0.2041	0.2887	210000
	S[6,44]	0.1972	0.03986	0.1235	0.1957	0.2797	210000
	S[6,45]	0.1893	0.03932	0.1169	0.1877	0.271	210000
	S[6,46]	0.1817	0.03877	0.1107	0.18	0.2626	210000
	S[6,47]	0.1744	0.0382	0.1047	0.1727	0.2543	210000
	S[6,48]	0.1674	0.03761	0.09904	0.1656	0.2463	210000
	S[6,49]	0.1607	0.03701	0.09369	0.1588	0.2386	210000
	S[6,50]	0.1542	0.0364	0.08855	0.1522	0.2311	210000
	S[6,51]	0.148	0.03578	0.0837	0.146	0.2239	210000
	S[6,52]	0.1421	0.03516	0.07919	0.1399	0.2169	210000
	S[6,53]	0.1364	0.03453	0.07486	0.1342	0.2101	210000
	S[6,54]	0.1309	0.03389	0.07081	0.1286	0.2035	210000
	S[6,55]	0.1256	0.03325	0.06698	0.1233	0.1972	210000
	S[6,56]	0.1206	0.03261	0.06333	0.1182	0.191	210000
	S[6,57]	0.1157	0.03197	0.05985	0.1133	0.185	210000
	S[6,58]	0.1111	0.03133	0.05659	0.1087	0.1792	210000
	S[6,59]	0.1066	0.0307	0.05349	0.1042	0.1735	210000
	S[6,60]	0.1024	0.03006	0.05058	0.09987	0.1681	210000
	S[6,61]	0.09825	0.02943	0.04787	0.09573	0.1628	210000
	S[6,62]	0.09431	0.0288	0.04524	0.09177	0.1578	210000
	S[6,63]	0.09053	0.02817	0.04273	0.08796	0.1528	210000
	S[6,64]	0.0869	0.02755	0.0404	0.08432	0.148	210000
	S[6,65]	0.08342	0.02694	0.03814	0.08083	0.1435	210000
	S[6,66]	0.08008	0.02633	0.03602	0.07748	0.139	210000
	S[6,67]	0.07687	0.02573	0.03403	0.07426	0.1346	210000
	S[6,68]	0.07379	0.02514	0.03215	0.07117	0.1304	210000
	S[6,69]	0.07084	0.02455	0.03038	0.06822	0.1263	210000
	S[6,70]	0.06801	0.02397	0.02871	0.06537	0.1223	210000
	S[6,71]	0.06529	0.0234	0.02712	0.06265	0.1185	210000
	S[6,72]	0.06268	0.02284	0.02563	0.06004	0.1148	210000
	S[6,73]	0.06018	0.02229	0.02422	0.05754	0.1112	210000
	S[6,74]	0.05778	0.02175	0.02289	0.05514	0.1077	210000
	S[6,75]	0.05547	0.02121	0.02161	0.05284	0.1043	210000
	S[6,76]	0.05326	0.02069	0.02041	0.05064	0.101	210000
	S[6,77]	0.05114	0.02017	0.01928	0.04853	0.09783	210000
	S[6,78]	0.0491	0.01966	0.0182	0.04651	0.09475	210000
	S[6,79]	0.04715	0.01916	0.01719	0.04456	0.09178	210000
	S[6,80]	0.04527	0.01867	0.01623	0.0427	0.0889	210000
	S[6,81]	0.04347	0.0182	0.01532	0.04092	0.08613	210000
	S[6,82]	0.04174	0.01773	0.01447	0.03921	0.08339	210000
	S[6,83]	0.04008	0.01727	0.01366	0.03757	0.08075	210000
	S[6,84]	0.03849	0.01682	0.01289	0.036	0.0782	210000
	S[6,85]	0.03696	0.01637	0.01216	0.03449	0.07574	210000
	S[6,86]	0.0355	0.01594	0.01147	0.03305	0.07336	210000
	S[6,87]	0.03409	0.01552	0.01081	0.03166	0.07103	210000
	S[6,88]	0.03274	0.01511	0.01019	0.03033	0.06878	210000
	S[6,89]	0.03144	0.0147	0.009608	0.02906	0.06663	210000
	S[6,90]	0.0302	0.01431	0.009066	0.02784	0.06455	210000
	S[6,91]	0.02901	0.01392	0.008562	0.02667	0.06254	210000
	S[6,92]	0.02786	0.01354	0.008078	0.02556	0.06058	210000
	S[6,93]	0.02676	0.01318	0.007621	0.02449	0.05866	210000
	S[6,94]	0.0257	0.01282	0.007186	0.02346	0.05682	210000
	S[6,95]	0.02469	0.01247	0.006774	0.02248	0.05503	210000
	S[6,96]	0.02372	0.01212	0.006381	0.02154	0.05329	210000
	S[6,97]	0.02278	0.01179	0.006019	0.02064	0.05165	210000
	S[6,98]	0.02188	0.01146	0.005667	0.01977	0.05002	210000
	S[6,99]	0.02102	0.01114	0.005341	0.01894	0.04846	210000
	S[6,100]	0.0202	0.01083	0.00504	0.01815	0.04695	210000
	S[6,101]	0.0194	0.01053	0.004752	0.01738	0.04549	210000
	S[6,102]	0.01864	0.01024	0.004475	0.01665	0.04405	210000
	S[6,103]	0.01791	0.009948	0.00422	0.01595	0.04266	210000
	S[6,104]	0.01721	0.009668	0.003978	0.01528	0.04133	210000
	S[6,105]	0.01653	0.009395	0.003747	0.01463	0.04003	210000
	S[6,106]	0.01588	0.009129	0.003523	0.01401	0.03878	210000
	S[6,107]	0.01526	0.00887	0.003321	0.01343	0.03756	210000
	S[6,108]	0.01467	0.008618	0.003127	0.01286	0.03638	210000
	S[6,109]	0.01409	0.008373	0.002924	0.01232	0.03523	210000
	S[6,110]	0.01354	0.008134	0.002742	0.0118	0.03413	210000
	S[6,111]	0.01301	0.007901	0.002574	0.01131	0.03306	210000
	S[6,112]	0.0125	0.007674	0.002405	0.01083	0.03203	210000
	S[6,113]	0.01202	0.007454	0.002243	0.01037	0.03103	210000
	S[6,114]	0.01155	0.00724	0.002082	0.009936	0.03006	210000
	S[6,115]	0.0111	0.007031	0.001923	0.009518	0.0291	210000
	S[6,116]	0.01067	0.006828	0.001775	0.009118	0.02819	210000
	S[6,117]	0.01025	0.00663	0.001624	0.008733	0.0273	210000
	S[6,118]	0.009854	0.006438	0.001469	0.008365	0.02644	210000
	S[6,119]	0.009471	0.006251	0.001319	0.008013	0.02562	210000
	S[6,120]	0.009104	0.00607	0.001166	0.007674	0.02483	210000
	S[7,1]	0.9971	0.006188	0.9839	0.9988	1.002	210000
	S[7,2]	0.9896	0.01062	0.9638	0.9925	0.9987	210000
	S[7,3]	0.9781	0.01451	0.9424	0.9815	0.9934	210000
	S[7,4]	0.9636	0.01781	0.9202	0.9674	0.985	210000
	S[7,5]	0.947	0.0206	0.8975	0.9508	0.9741	210000
	S[7,6]	0.9288	0.02301	0.8746	0.9327	0.9611	210000
	S[7,7]	0.9097	0.02515	0.8512	0.9134	0.9467	210000
	S[7,8]	0.8898	0.02712	0.8276	0.8934	0.9314	210000
	S[7,9]	0.8694	0.029	0.8037	0.8729	0.9153	210000
	S[7,10]	0.8488	0.03083	0.7798	0.8521	0.8989	210000
	S[7,11]	0.828	0.03265	0.7556	0.8312	0.8823	210000
	S[7,12]	0.8072	0.03447	0.7315	0.8103	0.8656	210000
	S[7,13]	0.7866	0.0363	0.7074	0.7895	0.849	210000
	S[7,14]	0.7661	0.03815	0.6834	0.7689	0.8324	210000
	S[7,15]	0.7458	0.03999	0.6597	0.7485	0.816	210000
	S[7,16]	0.7258	0.04182	0.6362	0.7285	0.7999	210000
	S[7,17]	0.7061	0.04363	0.6134	0.7087	0.7839	210000
	S[7,18]	0.6867	0.04541	0.5908	0.6893	0.7683	210000
	S[7,19]	0.6677	0.04715	0.5684	0.6703	0.7529	210000
	S[7,20]	0.6491	0.04884	0.5468	0.6516	0.7377	210000
	S[7,21]	0.6309	0.05047	0.5259	0.6333	0.7229	210000
	S[7,22]	0.6131	0.05203	0.5052	0.6154	0.7083	210000
	S[7,23]	0.5957	0.05352	0.4848	0.5979	0.694	210000
	S[7,24]	0.5786	0.05493	0.4654	0.5809	0.6799	210000
	S[7,25]	0.562	0.05627	0.4465	0.5642	0.6661	210000
	S[7,26]	0.5458	0.05752	0.4281	0.5479	0.6527	210000
	S[7,27]	0.5301	0.05869	0.4104	0.532	0.6394	210000
	S[7,28]	0.5147	0.05977	0.3933	0.5165	0.6265	210000
	S[7,29]	0.4997	0.06077	0.3766	0.5014	0.6137	210000
	S[7,30]	0.4851	0.06169	0.3605	0.4867	0.6012	210000
	S[7,31]	0.4709	0.06252	0.3449	0.4723	0.5889	210000
	S[7,32]	0.4571	0.06327	0.33	0.4584	0.5768	210000
	S[7,33]	0.4437	0.06394	0.3157	0.4448	0.565	210000
	S[7,34]	0.4306	0.06454	0.3019	0.4316	0.5536	210000
	S[7,35]	0.418	0.06505	0.2887	0.4188	0.5424	210000
	S[7,36]	0.4056	0.0655	0.2759	0.4063	0.5313	210000
	S[7,37]	0.3936	0.06587	0.2637	0.3941	0.5204	210000
	S[7,38]	0.382	0.06617	0.252	0.3823	0.5098	210000
	S[7,39]	0.3707	0.0664	0.2407	0.3708	0.4994	210000
	S[7,40]	0.3597	0.06658	0.23	0.3596	0.4892	210000
	S[7,41]	0.349	0.06669	0.2196	0.3488	0.4794	210000
	S[7,42]	0.3387	0.06674	0.2099	0.3383	0.4695	210000
	S[7,43]	0.3286	0.06674	0.2004	0.328	0.46	210000
	S[7,44]	0.3189	0.06669	0.1912	0.3181	0.4504	210000
	S[7,45]	0.3094	0.06658	0.1826	0.3084	0.4412	210000
	S[7,46]	0.3002	0.06643	0.1742	0.299	0.4324	210000
	S[7,47]	0.2913	0.06623	0.1661	0.2899	0.4236	210000
	S[7,48]	0.2826	0.06599	0.1585	0.2811	0.4149	210000
	S[7,49]	0.2742	0.06571	0.1511	0.2726	0.4065	210000
	S[7,50]	0.2661	0.06539	0.1441	0.2642	0.3982	210000
	S[7,51]	0.2582	0.06504	0.1373	0.2561	0.3901	210000
	S[7,52]	0.2505	0.06465	0.1309	0.2482	0.3821	210000
	S[7,53]	0.2431	0.06424	0.1248	0.2406	0.3743	210000
	S[7,54]	0.2358	0.06379	0.119	0.2332	0.3667	210000
	S[7,55]	0.2288	0.06332	0.1134	0.226	0.3592	210000
	S[7,56]	0.222	0.06282	0.1081	0.219	0.3519	210000
	S[7,57]	0.2155	0.0623	0.103	0.2123	0.3447	210000
	S[7,58]	0.2091	0.06175	0.09811	0.2057	0.3376	210000
	S[7,59]	0.2029	0.06119	0.09349	0.1993	0.3306	210000
	S[7,60]	0.1969	0.06061	0.08909	0.1932	0.3239	210000
	S[7,61]	0.191	0.06001	0.08489	0.1872	0.3172	210000
	S[7,62]	0.1854	0.0594	0.08089	0.1814	0.3107	210000
	S[7,63]	0.1799	0.05877	0.07707	0.1758	0.3042	210000
	S[7,64]	0.1746	0.05813	0.07339	0.1704	0.2981	210000
	S[7,65]	0.1694	0.05748	0.0699	0.1651	0.2926	210000
	S[7,66]	0.1644	0.05682	0.06661	0.16	0.2866	210000
	S[7,67]	0.1596	0.05615	0.06345	0.155	0.2807	210000
	S[7,68]	0.1548	0.05547	0.06039	0.1501	0.275	210000
	S[7,69]	0.1503	0.05479	0.05748	0.1454	0.2693	210000
	S[7,70]	0.1459	0.0541	0.05475	0.1409	0.2639	210000
	S[7,71]	0.1416	0.05341	0.05207	0.1365	0.2585	210000
	S[7,72]	0.1374	0.05271	0.04956	0.1322	0.2532	210000
	S[7,73]	0.1334	0.05201	0.04718	0.1281	0.2481	210000
	S[7,74]	0.1295	0.0513	0.04492	0.1241	0.243	210000
	S[7,75]	0.1257	0.0506	0.04277	0.1202	0.2381	210000
	S[7,76]	0.122	0.0499	0.04073	0.1165	0.2332	210000
	S[7,77]	0.1184	0.04919	0.03877	0.1128	0.2285	210000
	S[7,78]	0.1149	0.04849	0.0369	0.1093	0.2238	210000
	S[7,79]	0.1116	0.04778	0.03511	0.1059	0.2192	210000
	S[7,80]	0.1083	0.04708	0.03339	0.1026	0.2147	210000
	S[7,81]	0.1052	0.04638	0.03176	0.09935	0.2104	210000
	S[7,82]	0.1021	0.04569	0.03022	0.09623	0.2061	210000
	S[7,83]	0.09913	0.04499	0.02877	0.0932	0.2019	210000
	S[7,84]	0.09624	0.0443	0.02738	0.09028	0.1978	210000
	S[7,85]	0.09344	0.04362	0.02605	0.08746	0.1937	210000
	S[7,86]	0.09073	0.04294	0.02479	0.0847	0.1898	210000
	S[7,87]	0.0881	0.04226	0.02357	0.08203	0.186	210000
	S[7,88]	0.08555	0.04159	0.02242	0.07946	0.1822	210000
	S[7,89]	0.08307	0.04092	0.02133	0.07695	0.1785	210000
	S[7,90]	0.08067	0.04026	0.02029	0.07453	0.1748	210000
	S[7,91]	0.07834	0.0396	0.01929	0.07219	0.1712	210000
	S[7,92]	0.07607	0.03896	0.01836	0.06991	0.1677	210000
	S[7,93]	0.07388	0.03831	0.01745	0.0677	0.1643	210000
	S[7,94]	0.07175	0.03768	0.0166	0.06556	0.1609	210000
	S[7,95]	0.06969	0.03705	0.01579	0.0635	0.1576	210000
	S[7,96]	0.06768	0.03642	0.01502	0.06149	0.1544	210000
	S[7,97]	0.06574	0.03581	0.01428	0.05955	0.1512	210000
	S[7,98]	0.06386	0.0352	0.01358	0.05767	0.1481	210000
	S[7,99]	0.06203	0.0346	0.01291	0.05585	0.1451	210000
	S[7,100]	0.06025	0.034	0.01227	0.05408	0.1421	210000
	S[7,101]	0.05853	0.03341	0.01167	0.05237	0.1392	210000
	S[7,102]	0.05686	0.03283	0.0111	0.05071	0.1363	210000
	S[7,103]	0.05523	0.03226	0.01055	0.0491	0.1335	210000
	S[7,104]	0.05366	0.0317	0.01003	0.04755	0.1308	210000
	S[7,105]	0.05213	0.03114	0.009534	0.04605	0.1281	210000
	S[7,106]	0.05065	0.03059	0.009071	0.04458	0.1255	210000
	S[7,107]	0.04921	0.03005	0.008618	0.04317	0.123	210000
	S[7,108]	0.04781	0.02951	0.008206	0.0418	0.1205	210000
	S[7,109]	0.04646	0.02898	0.007764	0.04048	0.118	210000
	S[7,110]	0.04514	0.02846	0.007378	0.0392	0.1156	210000
	S[7,111]	0.04386	0.02795	0.007006	0.03795	0.1133	210000
	S[7,112]	0.04262	0.02745	0.006655	0.03675	0.1109	210000
	S[7,113]	0.04142	0.02695	0.006318	0.03558	0.1087	210000
	S[7,114]	0.04025	0.02646	0.006	0.03445	0.1064	210000
	S[7,115]	0.03912	0.02598	0.005707	0.03336	0.1043	210000
	S[7,116]	0.03802	0.0255	0.005414	0.03229	0.1022	210000
	S[7,117]	0.03695	0.02503	0.005143	0.03127	0.1002	210000
	S[7,118]	0.03591	0.02457	0.004887	0.03027	0.09813	210000
	S[7,119]	0.03491	0.02412	0.004644	0.02932	0.0961	210000
	S[7,120]	0.03393	0.02368	0.00441	0.02838	0.09414	210000
	S[8,1]	0.8947	0.08368	0.671	0.9178	0.9834	210000
	S[8,2]	0.8558	0.09196	0.6152	0.8786	0.9632	210000
	S[8,3]	0.8268	0.09411	0.5834	0.8487	0.9421	210000
	S[8,4]	0.8017	0.09434	0.5601	0.8227	0.9211	210000
	S[8,5]	0.7791	0.09372	0.541	0.799	0.9005	210000
	S[8,6]	0.7579	0.09265	0.5242	0.7771	0.8804	210000
	S[8,7]	0.738	0.09134	0.5086	0.7563	0.8605	210000
	S[8,8]	0.719	0.0899	0.4942	0.7365	0.8413	210000
	S[8,9]	0.7009	0.08839	0.4807	0.7176	0.8227	210000
	S[8,10]	0.6834	0.08686	0.4677	0.6994	0.8046	210000
	S[8,11]	0.6666	0.08532	0.4556	0.6818	0.7872	210000
	S[8,12]	0.6504	0.0838	0.4438	0.6649	0.7704	210000
	S[8,13]	0.6347	0.08232	0.4324	0.6485	0.7541	210000
	S[8,14]	0.6194	0.08087	0.4214	0.6325	0.7383	210000
	S[8,15]	0.6047	0.07947	0.4112	0.617	0.7231	210000
	S[8,16]	0.5903	0.07812	0.4013	0.6019	0.7084	210000
	S[8,17]	0.5764	0.07681	0.3915	0.5873	0.694	210000
	S[8,18]	0.5628	0.07556	0.3823	0.5731	0.6799	210000
	S[8,19]	0.5497	0.07435	0.373	0.5593	0.6665	210000
	S[8,20]	0.5368	0.0732	0.3641	0.5459	0.6533	210000
	S[8,21]	0.5244	0.07209	0.3553	0.5329	0.6403	210000
	S[8,22]	0.5122	0.07103	0.347	0.5203	0.6277	210000
	S[8,23]	0.5004	0.07001	0.3386	0.5079	0.6154	210000
	S[8,24]	0.4889	0.06904	0.3307	0.4958	0.6035	210000
	S[8,25]	0.4776	0.06811	0.3227	0.4841	0.5918	210000
	S[8,26]	0.4667	0.06721	0.3151	0.4728	0.5805	210000
	S[8,27]	0.456	0.06635	0.3076	0.4617	0.5694	210000
	S[8,28]	0.4456	0.06553	0.3003	0.4508	0.5587	210000
	S[8,29]	0.4355	0.06474	0.2929	0.4402	0.5481	210000
	S[8,30]	0.4256	0.06397	0.2858	0.43	0.5379	210000
	S[8,31]	0.4159	0.06324	0.279	0.42	0.5278	210000
	S[8,32]	0.4065	0.06253	0.2721	0.4102	0.5181	210000
	S[8,33]	0.3973	0.06185	0.2654	0.4007	0.5085	210000
	S[8,34]	0.3884	0.06119	0.2589	0.3915	0.4991	210000
	S[8,35]	0.3796	0.06054	0.2525	0.3825	0.49	210000
	S[8,36]	0.3711	0.05992	0.2463	0.3737	0.481	210000
	S[8,37]	0.3627	0.05932	0.24	0.365	0.4722	210000
	S[8,38]	0.3546	0.05873	0.234	0.3567	0.4637	210000
	S[8,39]	0.3467	0.05815	0.2281	0.3485	0.4553	210000
	S[8,40]	0.3389	0.05759	0.2222	0.3405	0.4471	210000
	S[8,41]	0.3313	0.05704	0.2164	0.3327	0.4391	210000
	S[8,42]	0.3239	0.05651	0.2109	0.3251	0.4312	210000
	S[8,43]	0.3167	0.05598	0.2055	0.3177	0.4234	210000
	S[8,44]	0.3097	0.05546	0.2001	0.3105	0.4159	210000
	S[8,45]	0.3028	0.05495	0.1948	0.3034	0.4085	210000
	S[8,46]	0.2961	0.05445	0.1895	0.2965	0.4012	210000
	S[8,47]	0.2895	0.05395	0.1845	0.2898	0.3941	210000
	S[8,48]	0.2831	0.05346	0.1795	0.2832	0.3872	210000
	S[8,49]	0.2769	0.05298	0.1745	0.2768	0.3804	210000
	S[8,50]	0.2707	0.0525	0.1698	0.2706	0.3737	210000
	S[8,51]	0.2648	0.05203	0.1652	0.2645	0.3674	210000
	S[8,52]	0.2589	0.05156	0.1608	0.2585	0.3609	210000
	S[8,53]	0.2532	0.05109	0.1565	0.2527	0.3546	210000
	S[8,54]	0.2477	0.05063	0.1522	0.247	0.3485	210000
	S[8,55]	0.2422	0.05017	0.148	0.2415	0.3425	210000
	S[8,56]	0.2369	0.04971	0.1439	0.236	0.3365	210000
	S[8,57]	0.2317	0.04926	0.1399	0.2306	0.3307	210000
	S[8,58]	0.2266	0.0488	0.1359	0.2255	0.325	210000
	S[8,59]	0.2217	0.04835	0.1322	0.2204	0.3194	210000
	S[8,60]	0.2168	0.04791	0.1285	0.2155	0.3139	210000
	S[8,61]	0.2121	0.04746	0.125	0.2106	0.3085	210000
	S[8,62]	0.2075	0.04701	0.1213	0.2059	0.3033	210000
	S[8,63]	0.2029	0.04657	0.1179	0.2013	0.298	210000
	S[8,64]	0.1985	0.04613	0.1145	0.1968	0.293	210000
	S[8,65]	0.1942	0.04569	0.1112	0.1924	0.288	210000
	S[8,66]	0.19	0.04525	0.108	0.1881	0.2831	210000
	S[8,67]	0.1858	0.04482	0.1049	0.1839	0.2782	210000
	S[8,68]	0.1818	0.04438	0.1019	0.1798	0.2734	210000
	S[8,69]	0.1779	0.04395	0.099	0.1758	0.2688	210000
	S[8,70]	0.174	0.04351	0.09615	0.1719	0.2642	210000
	S[8,71]	0.1702	0.04308	0.09334	0.168	0.2598	210000
	S[8,72]	0.1666	0.04265	0.09056	0.1643	0.2554	210000
	S[8,73]	0.163	0.04222	0.08795	0.1606	0.2512	210000
	S[8,74]	0.1594	0.0418	0.08536	0.157	0.2469	210000
	S[8,75]	0.156	0.04137	0.08283	0.1535	0.2428	210000
	S[8,76]	0.1526	0.04094	0.08038	0.1501	0.2388	210000
	S[8,77]	0.1494	0.04052	0.07801	0.1468	0.2348	210000
	S[8,78]	0.1461	0.0401	0.07574	0.1436	0.2308	210000
	S[8,79]	0.143	0.03968	0.07354	0.1404	0.227	210000
	S[8,80]	0.1399	0.03926	0.07135	0.1372	0.2232	210000
	S[8,81]	0.1369	0.03885	0.06929	0.1342	0.2195	210000
	S[8,82]	0.134	0.03843	0.06725	0.1312	0.2159	210000
	S[8,83]	0.1311	0.03802	0.06528	0.1283	0.2123	210000
	S[8,84]	0.1283	0.03761	0.06339	0.1255	0.2088	210000
	S[8,85]	0.1256	0.0372	0.06151	0.1227	0.2053	210000
	S[8,86]	0.1229	0.03679	0.05967	0.12	0.2019	210000
	S[8,87]	0.1202	0.03639	0.05791	0.1173	0.1986	210000
	S[8,88]	0.1177	0.03598	0.05621	0.1147	0.1954	210000
	S[8,89]	0.1152	0.03558	0.05459	0.1122	0.1921	210000
	S[8,90]	0.1127	0.03518	0.05296	0.1097	0.189	210000
	S[8,91]	0.1103	0.03479	0.05136	0.1073	0.1859	210000
	S[8,92]	0.108	0.03439	0.04985	0.1049	0.1828	210000
	S[8,93]	0.1057	0.034	0.04838	0.1026	0.1798	210000
	S[8,94]	0.1034	0.03361	0.04692	0.1003	0.1769	210000
	S[8,95]	0.1012	0.03323	0.04554	0.09814	0.1739	210000
	S[8,96]	0.09908	0.03284	0.04421	0.09598	0.171	210000
	S[8,97]	0.09698	0.03246	0.04287	0.09386	0.1683	210000
	S[8,98]	0.09492	0.03208	0.0416	0.09179	0.1655	210000
	S[8,99]	0.09292	0.0317	0.04037	0.08977	0.1628	210000
	S[8,100]	0.09095	0.03133	0.03917	0.0878	0.1601	210000
	S[8,101]	0.08903	0.03096	0.03798	0.08587	0.1574	210000
	S[8,102]	0.08715	0.03059	0.03683	0.084	0.1548	210000
	S[8,103]	0.08531	0.03022	0.03573	0.08215	0.1523	210000
	S[8,104]	0.08351	0.02986	0.03468	0.08036	0.1498	210000
	S[8,105]	0.08175	0.0295	0.03366	0.07858	0.1473	210000
	S[8,106]	0.08003	0.02914	0.03265	0.07686	0.145	210000
	S[8,107]	0.07834	0.02878	0.03167	0.07517	0.1426	210000
	S[8,108]	0.07669	0.02843	0.03072	0.07351	0.1402	210000
	S[8,109]	0.07508	0.02808	0.02979	0.07191	0.138	210000
	S[8,110]	0.0735	0.02774	0.02888	0.07033	0.1358	210000
	S[8,111]	0.07196	0.02739	0.02802	0.06878	0.1335	210000
	S[8,112]	0.07045	0.02705	0.02718	0.06727	0.1314	210000
	S[8,113]	0.06898	0.02672	0.02637	0.06579	0.1292	210000
	S[8,114]	0.06753	0.02638	0.02556	0.06434	0.1271	210000
	S[8,115]	0.06612	0.02605	0.0248	0.06294	0.125	210000
	S[8,116]	0.06474	0.02572	0.02404	0.06155	0.123	210000
	S[8,117]	0.06338	0.0254	0.02333	0.0602	0.121	210000
	S[8,118]	0.06206	0.02507	0.02263	0.05889	0.119	210000
	S[8,119]	0.06076	0.02475	0.02195	0.05761	0.1171	210000
	S[8,120]	0.0595	0.02444	0.02129	0.05634	0.1152	210000
	S[9,1]	0.8781	0.05833	0.7365	0.8887	0.9604	210000
	S[9,2]	0.8438	0.06322	0.6936	0.854	0.9372	210000
	S[9,3]	0.8209	0.06432	0.6702	0.8306	0.9179	210000
	S[9,4]	0.8023	0.06438	0.6521	0.8116	0.9005	210000
	S[9,5]	0.7859	0.064	0.6371	0.7949	0.8844	210000
	S[9,6]	0.7709	0.0634	0.6237	0.7797	0.8693	210000
	S[9,7]	0.757	0.0627	0.6119	0.7655	0.8548	210000
	S[9,8]	0.7438	0.06192	0.6008	0.7521	0.841	210000
	S[9,9]	0.7312	0.06111	0.5903	0.7393	0.8276	210000
	S[9,10]	0.7191	0.06029	0.5805	0.727	0.8146	210000
	S[9,11]	0.7075	0.05945	0.5711	0.7151	0.8021	210000
	S[9,12]	0.6962	0.05863	0.5621	0.7036	0.7899	210000
	S[9,13]	0.6852	0.05781	0.5533	0.6924	0.7779	210000
	S[9,14]	0.6746	0.057	0.5447	0.6815	0.7663	210000
	S[9,15]	0.6642	0.05621	0.5363	0.6709	0.755	210000
	S[9,16]	0.654	0.05544	0.5281	0.6605	0.7441	210000
	S[9,17]	0.6441	0.05469	0.5201	0.6504	0.7335	210000
	S[9,18]	0.6344	0.05395	0.5125	0.6405	0.723	210000
	S[9,19]	0.6249	0.05324	0.5049	0.6308	0.7127	210000
	S[9,20]	0.6157	0.05255	0.4975	0.6213	0.7027	210000
	S[9,21]	0.6065	0.05188	0.4903	0.612	0.693	210000
	S[9,22]	0.5976	0.05123	0.4831	0.6028	0.6836	210000
	S[9,23]	0.5889	0.0506	0.4759	0.5939	0.6742	210000
	S[9,24]	0.5803	0.04999	0.469	0.585	0.665	210000
	S[9,25]	0.5718	0.0494	0.4622	0.5764	0.656	210000
	S[9,26]	0.5635	0.04884	0.4555	0.568	0.6472	210000
	S[9,27]	0.5554	0.04829	0.4489	0.5596	0.6385	210000
	S[9,28]	0.5474	0.04776	0.4422	0.5514	0.63	210000
	S[9,29]	0.5395	0.04725	0.436	0.5434	0.6216	210000
	S[9,30]	0.5318	0.04675	0.4296	0.5355	0.6134	210000
	S[9,31]	0.5242	0.04628	0.4235	0.5277	0.6055	210000
	S[9,32]	0.5167	0.04582	0.4174	0.52	0.5975	210000
	S[9,33]	0.5093	0.04538	0.4113	0.5125	0.5898	210000
	S[9,34]	0.5021	0.04495	0.4054	0.5051	0.5823	210000
	S[9,35]	0.495	0.04454	0.3998	0.4978	0.5748	210000
	S[9,36]	0.488	0.04414	0.394	0.4906	0.5675	210000
	S[9,37]	0.4811	0.04376	0.3883	0.4836	0.5602	210000
	S[9,38]	0.4743	0.04339	0.3827	0.4766	0.5531	210000
	S[9,39]	0.4676	0.04304	0.3771	0.4698	0.5461	210000
	S[9,40]	0.461	0.04269	0.3716	0.4631	0.5392	210000
	S[9,41]	0.4545	0.04236	0.3662	0.4564	0.5325	210000
	S[9,42]	0.4482	0.04204	0.3608	0.4499	0.5259	210000
	S[9,43]	0.4419	0.04173	0.3556	0.4435	0.5194	210000
	S[9,44]	0.4357	0.04143	0.3503	0.4371	0.513	210000
	S[9,45]	0.4296	0.04114	0.3452	0.431	0.5067	210000
	S[9,46]	0.4236	0.04086	0.34	0.4249	0.5004	210000
	S[9,47]	0.4177	0.04059	0.3349	0.4188	0.4943	210000
	S[9,48]	0.4119	0.04033	0.3299	0.4129	0.4883	210000
	S[9,49]	0.4062	0.04007	0.325	0.4071	0.4824	210000
	S[9,50]	0.4005	0.03982	0.3202	0.4014	0.4766	210000
	S[9,51]	0.395	0.03958	0.3153	0.3957	0.4707	210000
	S[9,52]	0.3895	0.03935	0.3105	0.3901	0.465	210000
	S[9,53]	0.3841	0.03912	0.3059	0.3846	0.4593	210000
	S[9,54]	0.3788	0.0389	0.3014	0.3792	0.4538	210000
	S[9,55]	0.3736	0.03868	0.2968	0.3739	0.4484	210000
	S[9,56]	0.3684	0.03847	0.2923	0.3687	0.443	210000
	S[9,57]	0.3633	0.03826	0.2879	0.3635	0.4377	210000
	S[9,58]	0.3583	0.03806	0.2834	0.3584	0.4325	210000
	S[9,59]	0.3534	0.03786	0.279	0.3534	0.4273	210000
	S[9,60]	0.3485	0.03766	0.2748	0.3485	0.4222	210000
	S[9,61]	0.3437	0.03747	0.2705	0.3436	0.4172	210000
	S[9,62]	0.339	0.03729	0.2664	0.3388	0.4123	210000
	S[9,63]	0.3343	0.0371	0.2623	0.3341	0.4075	210000
	S[9,64]	0.3297	0.03692	0.2581	0.3295	0.4026	210000
	S[9,65]	0.3252	0.03674	0.2542	0.3249	0.3979	210000
	S[9,66]	0.3207	0.03657	0.2502	0.3204	0.3933	210000
	S[9,67]	0.3164	0.03639	0.2463	0.316	0.3886	210000
	S[9,68]	0.312	0.03622	0.2424	0.3116	0.3841	210000
	S[9,69]	0.3078	0.03605	0.2386	0.3073	0.3797	210000
	S[9,70]	0.3035	0.03589	0.2349	0.303	0.3752	210000
	S[9,71]	0.2994	0.03572	0.2313	0.2988	0.3709	210000
	S[9,72]	0.2953	0.03556	0.2277	0.2947	0.3666	210000
	S[9,73]	0.2913	0.03539	0.224	0.2906	0.3624	210000
	S[9,74]	0.2873	0.03523	0.2206	0.2866	0.3581	210000
	S[9,75]	0.2834	0.03507	0.217	0.2827	0.3539	210000
	S[9,76]	0.2795	0.03491	0.2135	0.2787	0.3498	210000
	S[9,77]	0.2757	0.03475	0.2102	0.2749	0.3458	210000
	S[9,78]	0.272	0.03459	0.2068	0.2711	0.3418	210000
	S[9,79]	0.2683	0.03443	0.2035	0.2674	0.3379	210000
	S[9,80]	0.2646	0.03428	0.2002	0.2637	0.334	210000
	S[9,81]	0.261	0.03412	0.197	0.2601	0.3301	210000
	S[9,82]	0.2575	0.03396	0.1938	0.2565	0.3264	210000
	S[9,83]	0.254	0.03381	0.1907	0.253	0.3227	210000
	S[9,84]	0.2505	0.03365	0.1877	0.2495	0.3189	210000
	S[9,85]	0.2471	0.0335	0.1847	0.2461	0.3153	210000
	S[9,86]	0.2438	0.03334	0.1817	0.2427	0.3117	210000
	S[9,87]	0.2405	0.03319	0.1788	0.2394	0.3081	210000
	S[9,88]	0.2372	0.03303	0.1759	0.2361	0.3047	210000
	S[9,89]	0.234	0.03288	0.1731	0.2328	0.3012	210000
	S[9,90]	0.2308	0.03272	0.1703	0.2296	0.2979	210000
	S[9,91]	0.2277	0.03257	0.1675	0.2265	0.2944	210000
	S[9,92]	0.2246	0.03241	0.1648	0.2234	0.2911	210000
	S[9,93]	0.2216	0.03226	0.1621	0.2203	0.2878	210000
	S[9,94]	0.2186	0.0321	0.1595	0.2174	0.2846	210000
	S[9,95]	0.2157	0.03194	0.1569	0.2144	0.2813	210000
	S[9,96]	0.2128	0.03179	0.1543	0.2115	0.2781	210000
	S[9,97]	0.2099	0.03163	0.1518	0.2086	0.275	210000
	S[9,98]	0.2071	0.03148	0.1494	0.2057	0.2719	210000
	S[9,99]	0.2043	0.03132	0.1469	0.2029	0.2688	210000
	S[9,100]	0.2015	0.03116	0.1446	0.2001	0.2658	210000
	S[9,101]	0.1988	0.03101	0.1422	0.1974	0.2629	210000
	S[9,102]	0.1961	0.03085	0.1399	0.1947	0.2599	210000
	S[9,103]	0.1935	0.03069	0.1375	0.1921	0.257	210000
	S[9,104]	0.1909	0.03053	0.1353	0.1895	0.2541	210000
	S[9,105]	0.1883	0.03038	0.1331	0.1869	0.2513	210000
	S[9,106]	0.1858	0.03022	0.1309	0.1844	0.2484	210000
	S[9,107]	0.1833	0.03006	0.1287	0.1818	0.2456	210000
	S[9,108]	0.1808	0.0299	0.1266	0.1794	0.243	210000
	S[9,109]	0.1784	0.02974	0.1246	0.1769	0.2402	210000
	S[9,110]	0.176	0.02958	0.1225	0.1745	0.2375	210000
	S[9,111]	0.1736	0.02942	0.1205	0.1721	0.2349	210000
	S[9,112]	0.1713	0.02927	0.1185	0.1698	0.2323	210000
	S[9,113]	0.169	0.02911	0.1166	0.1675	0.2297	210000
	S[9,114]	0.1667	0.02895	0.1147	0.1652	0.2271	210000
	S[9,115]	0.1645	0.02879	0.1127	0.163	0.2246	210000
	S[9,116]	0.1623	0.02863	0.1109	0.1608	0.2221	210000
	S[9,117]	0.1601	0.02847	0.1091	0.1586	0.2196	210000
	S[9,118]	0.158	0.02831	0.1073	0.1564	0.2172	210000
	S[9,119]	0.1559	0.02815	0.1055	0.1543	0.2148	210000
	S[9,120]	0.1538	0.02798	0.1037	0.1522	0.2124	210000
	S[10,1]	0.7252	0.1739	0.2896	0.7669	0.9466	210000
	S[10,2]	0.6909	0.1749	0.2619	0.7293	0.9236	210000
	S[10,3]	0.6719	0.1731	0.2503	0.7085	0.9065	210000
	S[10,4]	0.6578	0.171	0.2427	0.6931	0.8918	210000
	S[10,5]	0.646	0.1688	0.2375	0.6804	0.8784	210000
	S[10,6]	0.6356	0.1666	0.233	0.6691	0.8661	210000
	S[10,7]	0.626	0.1644	0.229	0.6589	0.8546	210000
	S[10,8]	0.6172	0.1624	0.2256	0.6494	0.8434	210000
	S[10,9]	0.6088	0.1603	0.2224	0.6404	0.8328	210000
	S[10,10]	0.6008	0.1583	0.2195	0.632	0.8227	210000
	S[10,11]	0.5931	0.1564	0.2162	0.6238	0.8127	210000
	S[10,12]	0.5857	0.1545	0.2141	0.616	0.8031	210000
	S[10,13]	0.5786	0.1526	0.2113	0.6084	0.7937	210000
	S[10,14]	0.5716	0.1508	0.2081	0.6011	0.7846	210000
	S[10,15]	0.5649	0.149	0.2059	0.5939	0.7757	210000
	S[10,16]	0.5583	0.1472	0.2036	0.587	0.7672	210000
	S[10,17]	0.5518	0.1455	0.2013	0.5802	0.7586	210000
	S[10,18]	0.5455	0.1438	0.1992	0.5735	0.7502	210000
	S[10,19]	0.5394	0.1422	0.1973	0.5669	0.742	210000
	S[10,20]	0.5333	0.1405	0.1952	0.5604	0.7341	210000
	S[10,21]	0.5274	0.1389	0.1932	0.5542	0.7262	210000
	S[10,22]	0.5215	0.1374	0.1912	0.5479	0.7186	210000
	S[10,23]	0.5158	0.1358	0.1887	0.5418	0.711	210000
	S[10,24]	0.5102	0.1343	0.1872	0.5357	0.7036	210000
	S[10,25]	0.5046	0.1328	0.1851	0.5297	0.6963	210000
	S[10,26]	0.4991	0.1313	0.1832	0.5239	0.6893	210000
	S[10,27]	0.4938	0.1299	0.1814	0.5181	0.6823	210000
	S[10,28]	0.4885	0.1285	0.1797	0.5124	0.6754	210000
	S[10,29]	0.4833	0.1271	0.1777	0.5068	0.6687	210000
	S[10,30]	0.4781	0.1257	0.1759	0.5013	0.6621	210000
	S[10,31]	0.473	0.1244	0.1743	0.4959	0.6556	210000
	S[10,32]	0.468	0.123	0.1726	0.4905	0.6492	210000
	S[10,33]	0.4631	0.1217	0.1708	0.4852	0.6428	210000
	S[10,34]	0.4583	0.1205	0.1692	0.4801	0.6364	210000
	S[10,35]	0.4535	0.1192	0.1675	0.4749	0.6302	210000
	S[10,36]	0.4487	0.1179	0.1659	0.4698	0.6241	210000
	S[10,37]	0.4441	0.1167	0.1643	0.4648	0.6183	210000
	S[10,38]	0.4394	0.1155	0.1626	0.4597	0.6123	210000
	S[10,39]	0.4349	0.1143	0.161	0.4547	0.6065	210000
	S[10,40]	0.4304	0.1132	0.1596	0.4499	0.6009	210000
	S[10,41]	0.4259	0.112	0.1579	0.4451	0.5952	210000
	S[10,42]	0.4216	0.1109	0.1564	0.4403	0.5897	210000
	S[10,43]	0.4172	0.1098	0.1548	0.4356	0.5843	210000
	S[10,44]	0.4129	0.1087	0.1534	0.431	0.5789	210000
	S[10,45]	0.4087	0.1076	0.152	0.4264	0.5737	210000
	S[10,46]	0.4045	0.1065	0.1505	0.4219	0.5684	210000
	S[10,47]	0.4004	0.1055	0.1494	0.4174	0.5633	210000
	S[10,48]	0.3963	0.1044	0.1478	0.413	0.5582	210000
	S[10,49]	0.3923	0.1034	0.1465	0.4086	0.5532	210000
	S[10,50]	0.3883	0.1024	0.145	0.4042	0.548	210000
	S[10,51]	0.3844	0.1014	0.1438	0.3999	0.543	210000
	S[10,52]	0.3805	0.1005	0.1424	0.3957	0.538	210000
	S[10,53]	0.3766	0.09951	0.1412	0.3915	0.5332	210000
	S[10,54]	0.3728	0.09857	0.1398	0.3874	0.5285	210000
	S[10,55]	0.3691	0.09764	0.1386	0.3833	0.5238	210000
	S[10,56]	0.3654	0.09672	0.1373	0.3793	0.5191	210000
	S[10,57]	0.3617	0.09582	0.1361	0.3753	0.5145	210000
	S[10,58]	0.3581	0.09493	0.1349	0.3714	0.5099	210000
	S[10,59]	0.3545	0.09406	0.1337	0.3674	0.5054	210000
	S[10,60]	0.3509	0.09319	0.1324	0.3636	0.501	210000
	S[10,61]	0.3474	0.09234	0.1312	0.3598	0.4967	210000
	S[10,62]	0.3439	0.0915	0.1298	0.356	0.4922	210000
	S[10,63]	0.3405	0.09067	0.1285	0.3523	0.488	210000
	S[10,64]	0.3371	0.08986	0.1273	0.3486	0.4837	210000
	S[10,65]	0.3337	0.08905	0.1261	0.345	0.4796	210000
	S[10,66]	0.3304	0.08826	0.125	0.3414	0.4754	210000
	S[10,67]	0.3271	0.08748	0.1238	0.3379	0.4714	210000
	S[10,68]	0.3239	0.0867	0.1226	0.3343	0.4673	210000
	S[10,69]	0.3207	0.08594	0.1214	0.3309	0.4634	210000
	S[10,70]	0.3175	0.08519	0.1204	0.3274	0.4594	210000
	S[10,71]	0.3143	0.08445	0.1192	0.3241	0.4556	210000
	S[10,72]	0.3112	0.08372	0.1181	0.3207	0.4517	210000
	S[10,73]	0.3081	0.083	0.117	0.3173	0.4478	210000
	S[10,74]	0.3051	0.08229	0.1159	0.314	0.4442	210000
	S[10,75]	0.3021	0.08159	0.1148	0.3108	0.4405	210000
	S[10,76]	0.2991	0.0809	0.1137	0.3076	0.4368	210000
	S[10,77]	0.2962	0.08022	0.1127	0.3044	0.4332	210000
	S[10,78]	0.2932	0.07954	0.1116	0.3013	0.4295	210000
	S[10,79]	0.2904	0.07888	0.1107	0.2982	0.4259	210000
	S[10,80]	0.2875	0.07822	0.1097	0.2951	0.4223	210000
	S[10,81]	0.2847	0.07757	0.1086	0.2921	0.4189	210000
	S[10,82]	0.2819	0.07693	0.1076	0.289	0.4154	210000
	S[10,83]	0.2791	0.0763	0.1065	0.286	0.412	210000
	S[10,84]	0.2764	0.07568	0.1056	0.2831	0.4086	210000
	S[10,85]	0.2737	0.07507	0.1045	0.2802	0.4053	210000
	S[10,86]	0.271	0.07446	0.1035	0.2774	0.4019	210000
	S[10,87]	0.2683	0.07386	0.1025	0.2745	0.3987	210000
	S[10,88]	0.2657	0.07327	0.1016	0.2717	0.3953	210000
	S[10,89]	0.2631	0.07268	0.1005	0.2689	0.392	210000
	S[10,90]	0.2606	0.0721	0.09955	0.2662	0.3888	210000
	S[10,91]	0.258	0.07153	0.09867	0.2634	0.3856	210000
	S[10,92]	0.2555	0.07097	0.09779	0.2607	0.3824	210000
	S[10,93]	0.253	0.07041	0.09693	0.258	0.3793	210000
	S[10,94]	0.2505	0.06986	0.09602	0.2553	0.3762	210000
	S[10,95]	0.2481	0.06932	0.09515	0.2527	0.3732	210000
	S[10,96]	0.2457	0.06878	0.09428	0.2502	0.3701	210000
	S[10,97]	0.2433	0.06825	0.09335	0.2476	0.3671	210000
	S[10,98]	0.2409	0.06773	0.09255	0.2451	0.3641	210000
	S[10,99]	0.2386	0.06721	0.09173	0.2426	0.3612	210000
	S[10,100]	0.2363	0.0667	0.09073	0.2401	0.3583	210000
	S[10,101]	0.234	0.06619	0.08988	0.2376	0.3553	210000
	S[10,102]	0.2317	0.06569	0.08902	0.2352	0.3525	210000
	S[10,103]	0.2295	0.0652	0.08823	0.2328	0.3496	210000
	S[10,104]	0.2273	0.06471	0.08744	0.2304	0.3468	210000
	S[10,105]	0.2251	0.06422	0.08661	0.228	0.344	210000
	S[10,106]	0.2229	0.06375	0.08577	0.2257	0.3412	210000
	S[10,107]	0.2207	0.06327	0.08499	0.2234	0.3385	210000
	S[10,108]	0.2186	0.06281	0.08426	0.2211	0.3358	210000
	S[10,109]	0.2165	0.06234	0.08348	0.2189	0.3331	210000
	S[10,110]	0.2144	0.06189	0.08271	0.2167	0.3304	210000
	S[10,111]	0.2123	0.06143	0.08194	0.2145	0.3278	210000
	S[10,112]	0.2103	0.06099	0.08124	0.2123	0.3252	210000
	S[10,113]	0.2083	0.06054	0.08053	0.2102	0.3225	210000
	S[10,114]	0.2063	0.06011	0.07974	0.208	0.3199	210000
	S[10,115]	0.2043	0.05967	0.07896	0.206	0.3174	210000
	S[10,116]	0.2023	0.05924	0.07817	0.2039	0.3149	210000
	S[10,117]	0.2004	0.05882	0.07739	0.2018	0.3124	210000
	S[10,118]	0.1985	0.0584	0.07659	0.1998	0.31	210000
	S[10,119]	0.1966	0.05798	0.07585	0.1978	0.3076	210000
	S[10,120]	0.1947	0.05757	0.07508	0.1958	0.3051	210000
	S[11,1]	0.9412	0.06106	0.7761	0.96	0.9943	210000
	S[11,2]	0.9155	0.06892	0.731	0.9351	0.9835	210000
	S[11,3]	0.8947	0.07184	0.7046	0.9141	0.9705	210000
	S[11,4]	0.876	0.07307	0.6842	0.8948	0.9567	210000
	S[11,5]	0.8585	0.0735	0.6666	0.8766	0.9424	210000
	S[11,6]	0.8419	0.07349	0.6507	0.8593	0.9282	210000
	S[11,7]	0.8258	0.07322	0.6364	0.8427	0.914	210000
	S[11,8]	0.8104	0.07279	0.6232	0.8267	0.9	210000
	S[11,9]	0.7953	0.07227	0.6103	0.8109	0.8863	210000
	S[11,10]	0.7807	0.07171	0.5982	0.7956	0.8727	210000
	S[11,11]	0.7665	0.07112	0.5868	0.7807	0.8596	210000
	S[11,12]	0.7526	0.07054	0.5756	0.7662	0.8468	210000
	S[11,13]	0.739	0.06997	0.5643	0.752	0.8342	210000
	S[11,14]	0.7258	0.06942	0.5538	0.738	0.8219	210000
	S[11,15]	0.7128	0.0689	0.5435	0.7244	0.8098	210000
	S[11,16]	0.7001	0.06842	0.5334	0.7111	0.7981	210000
	S[11,17]	0.6877	0.06797	0.5237	0.698	0.7868	210000
	S[11,18]	0.6755	0.06756	0.5138	0.6853	0.7756	210000
	S[11,19]	0.6636	0.06719	0.5041	0.6728	0.7646	210000
	S[11,20]	0.6519	0.06685	0.4942	0.6606	0.7538	210000
	S[11,21]	0.6404	0.06655	0.4847	0.6487	0.7434	210000
	S[11,22]	0.6292	0.06628	0.4756	0.6371	0.7332	210000
	S[11,23]	0.6182	0.06604	0.4667	0.6257	0.7231	210000
	S[11,24]	0.6074	0.06583	0.4576	0.6145	0.7134	210000
	S[11,25]	0.5968	0.06565	0.4481	0.6036	0.7038	210000
	S[11,26]	0.5864	0.06549	0.4392	0.5929	0.6943	210000
	S[11,27]	0.5763	0.06536	0.4303	0.5823	0.6851	210000
	S[11,28]	0.5663	0.06525	0.4219	0.572	0.676	210000
	S[11,29]	0.5565	0.06515	0.4134	0.5618	0.6671	210000
	S[11,30]	0.5468	0.06507	0.405	0.5519	0.6583	210000
	S[11,31]	0.5374	0.06501	0.3967	0.5422	0.6496	210000
	S[11,32]	0.5281	0.06496	0.3885	0.5327	0.6412	210000
	S[11,33]	0.519	0.06491	0.3804	0.5233	0.6328	210000
	S[11,34]	0.5101	0.06488	0.3724	0.5142	0.6247	210000
	S[11,35]	0.5014	0.06485	0.3646	0.5052	0.6166	210000
	S[11,36]	0.4928	0.06482	0.357	0.4964	0.6087	210000
	S[11,37]	0.4843	0.0648	0.3493	0.4877	0.6009	210000
	S[11,38]	0.476	0.06479	0.3416	0.4793	0.5932	210000
	S[11,39]	0.4679	0.06477	0.3342	0.4709	0.5858	210000
	S[11,40]	0.4599	0.06475	0.327	0.4628	0.5783	210000
	S[11,41]	0.4521	0.06473	0.3196	0.4547	0.571	210000
	S[11,42]	0.4444	0.06471	0.3125	0.4468	0.5638	210000
	S[11,43]	0.4368	0.06468	0.3055	0.439	0.5567	210000
	S[11,44]	0.4294	0.06466	0.2987	0.4314	0.5497	210000
	S[11,45]	0.4221	0.06462	0.2917	0.424	0.5428	210000
	S[11,46]	0.4149	0.06458	0.285	0.4167	0.536	210000
	S[11,47]	0.4079	0.06454	0.2784	0.4095	0.5293	210000
	S[11,48]	0.401	0.06449	0.272	0.4025	0.5229	210000
	S[11,49]	0.3942	0.06443	0.2657	0.3955	0.5164	210000
	S[11,50]	0.3876	0.06437	0.2596	0.3888	0.5101	210000
	S[11,51]	0.381	0.0643	0.2535	0.3821	0.5038	210000
	S[11,52]	0.3746	0.06422	0.2475	0.3756	0.4976	210000
	S[11,53]	0.3683	0.06414	0.2418	0.3691	0.4914	210000
	S[11,54]	0.3621	0.06404	0.2362	0.3628	0.4854	210000
	S[11,55]	0.356	0.06394	0.2307	0.3566	0.4795	210000
	S[11,56]	0.35	0.06383	0.2254	0.3505	0.4736	210000
	S[11,57]	0.3442	0.06372	0.2201	0.3445	0.4679	210000
	S[11,58]	0.3384	0.06359	0.2148	0.3385	0.4622	210000
	S[11,59]	0.3327	0.06346	0.2097	0.3328	0.4565	210000
	S[11,60]	0.3272	0.06332	0.2046	0.3271	0.451	210000
	S[11,61]	0.3217	0.06317	0.1999	0.3215	0.4456	210000
	S[11,62]	0.3163	0.06301	0.195	0.3161	0.4402	210000
	S[11,63]	0.311	0.06285	0.1903	0.3107	0.435	210000
	S[11,64]	0.3059	0.06267	0.1857	0.3053	0.4297	210000
	S[11,65]	0.3008	0.06249	0.1813	0.3001	0.4245	210000
	S[11,66]	0.2958	0.06231	0.1769	0.2951	0.4194	210000
	S[11,67]	0.2908	0.06211	0.1726	0.29	0.4144	210000
	S[11,68]	0.286	0.06191	0.1685	0.2851	0.4095	210000
	S[11,69]	0.2813	0.0617	0.1644	0.2803	0.4046	210000
	S[11,70]	0.2766	0.06148	0.1605	0.2756	0.3997	210000
	S[11,71]	0.272	0.06126	0.1567	0.2709	0.3949	210000
	S[11,72]	0.2675	0.06103	0.1529	0.2663	0.3901	210000
	S[11,73]	0.2631	0.06079	0.1491	0.2617	0.3855	210000
	S[11,74]	0.2587	0.06055	0.1455	0.2573	0.3809	210000
	S[11,75]	0.2545	0.0603	0.1419	0.2529	0.3763	210000
	S[11,76]	0.2503	0.06005	0.1384	0.2487	0.372	210000
	S[11,77]	0.2461	0.05979	0.1349	0.2444	0.3676	210000
	S[11,78]	0.2421	0.05952	0.1316	0.2403	0.3632	210000
	S[11,79]	0.2381	0.05925	0.1285	0.2363	0.3589	210000
	S[11,80]	0.2342	0.05898	0.1252	0.2322	0.3546	210000
	S[11,81]	0.2303	0.05869	0.1222	0.2283	0.3505	210000
	S[11,82]	0.2266	0.05841	0.1192	0.2245	0.3463	210000
	S[11,83]	0.2228	0.05812	0.1162	0.2207	0.3423	210000
	S[11,84]	0.2192	0.05782	0.1134	0.217	0.3374	210000
	S[11,85]	0.2156	0.05752	0.1105	0.2133	0.3334	210000
	S[11,86]	0.2121	0.05722	0.1078	0.2097	0.3295	210000
	S[11,87]	0.2086	0.05691	0.1051	0.2062	0.3256	210000
	S[11,88]	0.2052	0.0566	0.1025	0.2027	0.3219	210000
	S[11,89]	0.2018	0.05629	0.09993	0.1993	0.3182	210000
	S[11,90]	0.1986	0.05597	0.0974	0.1959	0.3144	210000
	S[11,91]	0.1953	0.05565	0.09498	0.1926	0.3108	210000
	S[11,92]	0.1921	0.05532	0.09261	0.1894	0.3071	210000
	S[11,93]	0.189	0.055	0.09033	0.1861	0.3036	210000
	S[11,94]	0.1859	0.05467	0.08806	0.183	0.3	210000
	S[11,95]	0.1829	0.05433	0.08589	0.1799	0.2966	210000
	S[11,96]	0.1799	0.054	0.08376	0.1769	0.2931	210000
	S[11,97]	0.177	0.05366	0.08166	0.1739	0.2897	210000
	S[11,98]	0.1742	0.05332	0.07968	0.171	0.2864	210000
	S[11,99]	0.1713	0.05298	0.07772	0.1681	0.283	210000
	S[11,100]	0.1686	0.05264	0.07575	0.1653	0.2797	210000
	S[11,101]	0.1658	0.05229	0.07384	0.1625	0.2765	210000
	S[11,102]	0.1631	0.05195	0.07197	0.1598	0.2732	210000
	S[11,103]	0.1605	0.0516	0.07022	0.1571	0.2701	210000
	S[11,104]	0.1579	0.05125	0.06843	0.1544	0.2669	210000
	S[11,105]	0.1554	0.0509	0.06675	0.1519	0.2639	210000
	S[11,106]	0.1529	0.05055	0.06508	0.1493	0.2607	210000
	S[11,107]	0.1504	0.05019	0.06347	0.1468	0.2577	210000
	S[11,108]	0.148	0.04984	0.06187	0.1443	0.2547	210000
	S[11,109]	0.1456	0.04949	0.06031	0.1419	0.2517	210000
	S[11,110]	0.1433	0.04913	0.05881	0.1395	0.2487	210000
	S[11,111]	0.141	0.04878	0.05732	0.1372	0.2458	210000
	S[11,112]	0.1387	0.04842	0.05586	0.1349	0.243	210000
	S[11,113]	0.1365	0.04806	0.05444	0.1326	0.2402	210000
	S[11,114]	0.1343	0.04771	0.05308	0.1304	0.2374	210000
	S[11,115]	0.1322	0.04735	0.05175	0.1282	0.2346	210000
	S[11,116]	0.13	0.04699	0.05044	0.1261	0.2319	210000
	S[11,117]	0.128	0.04664	0.04917	0.124	0.2292	210000
	S[11,118]	0.1259	0.04628	0.04795	0.1219	0.2265	210000
	S[11,119]	0.1239	0.04593	0.04676	0.1198	0.224	210000
	S[11,120]	0.1219	0.04557	0.04559	0.1178	0.2212	210000
	S[12,1]	0.8758	0.1571	0.3905	0.9347	0.9957	210000
	S[12,2]	0.8484	0.1624	0.3572	0.9064	0.9862	210000
	S[12,3]	0.8289	0.1625	0.342	0.8851	0.9744	210000
	S[12,4]	0.8123	0.1612	0.332	0.8667	0.9616	210000
	S[12,5]	0.7971	0.1593	0.3242	0.8498	0.9484	210000
	S[12,6]	0.7828	0.1572	0.3177	0.834	0.9354	210000
	S[12,7]	0.7692	0.1549	0.3123	0.8189	0.9227	210000
	S[12,8]	0.7562	0.1526	0.3077	0.8043	0.9101	210000
	S[12,9]	0.7436	0.1502	0.3029	0.7901	0.8981	210000
	S[12,10]	0.7314	0.1479	0.2983	0.7763	0.8865	210000
	S[12,11]	0.7195	0.1457	0.2941	0.7625	0.8752	210000
	S[12,12]	0.7079	0.1435	0.2903	0.7494	0.8643	210000
	S[12,13]	0.6967	0.1413	0.2867	0.7364	0.8536	210000
	S[12,14]	0.6856	0.1393	0.2826	0.7237	0.8434	210000
	S[12,15]	0.6749	0.1373	0.2788	0.7114	0.8334	210000
	S[12,16]	0.6643	0.1355	0.2756	0.6993	0.8234	210000
	S[12,17]	0.654	0.1337	0.2719	0.6874	0.814	210000
	S[12,18]	0.6439	0.1319	0.2689	0.6758	0.8049	210000
	S[12,19]	0.634	0.1303	0.2655	0.6645	0.796	210000
	S[12,20]	0.6243	0.1287	0.2624	0.6534	0.7872	210000
	S[12,21]	0.6148	0.1273	0.2586	0.6426	0.7786	210000
	S[12,22]	0.6054	0.1258	0.255	0.632	0.7704	210000
	S[12,23]	0.5962	0.1245	0.2514	0.6216	0.7623	210000
	S[12,24]	0.5872	0.1232	0.2481	0.6115	0.7541	210000
	S[12,25]	0.5784	0.122	0.2481	0.6017	0.7462	210000
	S[12,26]	0.5698	0.1209	0.2453	0.5921	0.7385	210000
	S[12,27]	0.5612	0.1198	0.2424	0.5826	0.731	210000
	S[12,28]	0.5529	0.1188	0.2393	0.5733	0.7236	210000
	S[12,29]	0.5447	0.1178	0.2361	0.5642	0.7163	210000
	S[12,30]	0.5366	0.1169	0.2328	0.5553	0.7093	210000
	S[12,31]	0.5287	0.116	0.2299	0.5465	0.7024	210000
	S[12,32]	0.5209	0.1152	0.2269	0.5379	0.6954	210000
	S[12,33]	0.5132	0.1144	0.224	0.5296	0.6886	210000
	S[12,34]	0.5057	0.1136	0.2209	0.5213	0.6818	210000
	S[12,35]	0.4983	0.1129	0.2179	0.5133	0.6751	210000
	S[12,36]	0.4911	0.1122	0.2148	0.5053	0.6686	210000
	S[12,37]	0.4839	0.1116	0.2119	0.4976	0.6621	210000
	S[12,38]	0.4769	0.111	0.2091	0.49	0.6559	210000
	S[12,39]	0.47	0.1104	0.2058	0.4825	0.6497	210000
	S[12,40]	0.4632	0.1098	0.2031	0.4752	0.6437	210000
	S[12,41]	0.4566	0.1093	0.2	0.468	0.6377	210000
	S[12,42]	0.45	0.1087	0.1967	0.461	0.6317	210000
	S[12,43]	0.4435	0.1082	0.1934	0.454	0.6258	210000
	S[12,44]	0.4372	0.1078	0.1902	0.4471	0.62	210000
	S[12,45]	0.431	0.1073	0.187	0.4403	0.6144	210000
	S[12,46]	0.4248	0.1068	0.1833	0.4337	0.6087	210000
	S[12,47]	0.4188	0.1064	0.1803	0.4273	0.6032	210000
	S[12,48]	0.4129	0.106	0.1772	0.4208	0.5977	210000
	S[12,49]	0.407	0.1055	0.1738	0.4146	0.5923	210000
	S[12,50]	0.4013	0.1051	0.1705	0.4084	0.5869	210000
	S[12,51]	0.3956	0.1047	0.1676	0.4023	0.5816	210000
	S[12,52]	0.39	0.1043	0.1643	0.3963	0.5765	210000
	S[12,53]	0.3846	0.1039	0.1609	0.3905	0.5715	210000
	S[12,54]	0.3792	0.1035	0.1577	0.3848	0.5663	210000
	S[12,55]	0.3739	0.1032	0.1543	0.3792	0.5612	210000
	S[12,56]	0.3687	0.1028	0.1515	0.3737	0.5562	210000
	S[12,57]	0.3635	0.1024	0.1483	0.3682	0.5513	210000
	S[12,58]	0.3585	0.1021	0.1455	0.3628	0.5464	210000
	S[12,59]	0.3535	0.1017	0.1425	0.3575	0.5416	210000
	S[12,60]	0.3486	0.1013	0.1395	0.3524	0.5369	210000
	S[12,61]	0.3438	0.101	0.1363	0.3472	0.5321	210000
	S[12,62]	0.3391	0.1006	0.1333	0.3422	0.5274	210000
	S[12,63]	0.3344	0.1002	0.1304	0.3371	0.5229	210000
	S[12,64]	0.3298	0.09989	0.1276	0.3323	0.5182	210000
	S[12,65]	0.3253	0.09953	0.1249	0.3276	0.5139	210000
	S[12,66]	0.3208	0.09917	0.1222	0.3229	0.5094	210000
	S[12,67]	0.3165	0.0988	0.1195	0.3182	0.505	210000
	S[12,68]	0.3122	0.09844	0.1169	0.3136	0.5006	210000
	S[12,69]	0.3079	0.09808	0.1143	0.309	0.4964	210000
	S[12,70]	0.3037	0.09772	0.1117	0.3046	0.4923	210000
	S[12,71]	0.2996	0.09735	0.1094	0.3002	0.4881	210000
	S[12,72]	0.2956	0.09698	0.1066	0.2959	0.484	210000
	S[12,73]	0.2916	0.09662	0.1041	0.2916	0.48	210000
	S[12,74]	0.2876	0.09625	0.1018	0.2874	0.476	210000
	S[12,75]	0.2838	0.09587	0.09949	0.2832	0.472	210000
	S[12,76]	0.2799	0.0955	0.09718	0.2792	0.4681	210000
	S[12,77]	0.2762	0.09512	0.09479	0.2752	0.4643	210000
	S[12,78]	0.2725	0.09475	0.09239	0.2713	0.4604	210000
	S[12,79]	0.2688	0.09437	0.09011	0.2674	0.4565	210000
	S[12,80]	0.2653	0.09398	0.0878	0.2636	0.4527	210000
	S[12,81]	0.2617	0.0936	0.08554	0.2599	0.449	210000
	S[12,82]	0.2582	0.09322	0.08356	0.2562	0.4453	210000
	S[12,83]	0.2548	0.09283	0.08156	0.2525	0.4416	210000
	S[12,84]	0.2514	0.09244	0.07948	0.2489	0.4378	210000
	S[12,85]	0.2481	0.09205	0.07765	0.2454	0.4342	210000
	S[12,86]	0.2448	0.09165	0.07565	0.2419	0.4307	210000
	S[12,87]	0.2416	0.09126	0.0738	0.2385	0.4272	210000
	S[12,88]	0.2384	0.09086	0.072	0.2351	0.4236	210000
	S[12,89]	0.2353	0.09046	0.0702	0.2318	0.4202	210000
	S[12,90]	0.2322	0.09006	0.06838	0.2285	0.4166	210000
	S[12,91]	0.2292	0.08965	0.06659	0.2253	0.4132	210000
	S[12,92]	0.2262	0.08925	0.06488	0.2221	0.4099	210000
	S[12,93]	0.2232	0.08884	0.06329	0.219	0.4066	210000
	S[12,94]	0.2203	0.08843	0.06174	0.216	0.4033	210000
	S[12,95]	0.2174	0.08802	0.0602	0.2129	0.4	210000
	S[12,96]	0.2146	0.08761	0.0586	0.2099	0.3969	210000
	S[12,97]	0.2118	0.0872	0.05722	0.207	0.3937	210000
	S[12,98]	0.2091	0.08678	0.05566	0.204	0.3904	210000
	S[12,99]	0.2064	0.08637	0.05426	0.2012	0.3873	210000
	S[12,100]	0.2037	0.08595	0.05296	0.1984	0.3843	210000
	S[12,101]	0.2011	0.08553	0.05165	0.1956	0.3812	210000
	S[12,102]	0.1985	0.08512	0.05029	0.1929	0.3783	210000
	S[12,103]	0.196	0.0847	0.04895	0.1902	0.3753	210000
	S[12,104]	0.1934	0.08427	0.04776	0.1875	0.3722	210000
	S[12,105]	0.191	0.08385	0.0465	0.1849	0.3692	210000
	S[12,106]	0.1885	0.08343	0.0453	0.1823	0.3663	210000
	S[12,107]	0.1861	0.08301	0.04414	0.1798	0.3634	210000
	S[12,108]	0.1837	0.08258	0.04309	0.1773	0.3606	210000
	S[12,109]	0.1814	0.08216	0.04196	0.1748	0.3578	210000
	S[12,110]	0.1791	0.08173	0.04089	0.1724	0.355	210000
	S[12,111]	0.1768	0.08131	0.0398	0.17	0.3522	210000
	S[12,112]	0.1746	0.08088	0.03873	0.1676	0.3493	210000
	S[12,113]	0.1724	0.08046	0.03775	0.1653	0.3465	210000
	S[12,114]	0.1702	0.08003	0.0368	0.163	0.3438	210000
	S[12,115]	0.1681	0.0796	0.03588	0.1607	0.3411	210000
	S[12,116]	0.1659	0.07917	0.03495	0.1585	0.3384	210000
	S[12,117]	0.1639	0.07875	0.0341	0.1563	0.3357	210000
	S[12,118]	0.1618	0.07832	0.03323	0.1541	0.333	210000
	S[12,119]	0.1598	0.07789	0.03239	0.1519	0.3304	210000
	S[12,120]	0.1578	0.07747	0.03158	0.1498	0.3279	210000
	S[13,1]	0.8622	0.2452	0.0211	0.9754	0.9999	210000
	S[13,2]	0.833	0.2508	0.01629	0.9467	0.9973	210000
	S[13,3]	0.8077	0.2502	0.01448	0.917	0.9903	210000
	S[13,4]	0.7831	0.2471	0.01323	0.887	0.9787	210000
	S[13,5]	0.7589	0.2427	0.01258	0.8571	0.9638	210000
	S[13,6]	0.735	0.2375	0.01206	0.8276	0.9461	210000
	S[13,7]	0.7114	0.2318	0.01161	0.7988	0.9268	210000
	S[13,8]	0.6881	0.2257	0.01115	0.7706	0.9066	210000
	S[13,9]	0.6654	0.2196	0.01074	0.7428	0.8856	210000
	S[13,10]	0.6431	0.2134	0.01034	0.7157	0.8645	210000
	S[13,11]	0.6214	0.2072	0.009997	0.6892	0.8438	210000
	S[13,12]	0.6003	0.2012	0.009688	0.6634	0.8233	210000
	S[13,13]	0.5797	0.1954	0.00934	0.6384	0.8028	210000
	S[13,14]	0.5598	0.1897	0.009088	0.6144	0.7832	210000
	S[13,15]	0.5405	0.1842	0.008762	0.591	0.764	210000
	S[13,16]	0.5218	0.1789	0.00847	0.5686	0.7453	210000
	S[13,17]	0.5037	0.1739	0.008259	0.5471	0.7269	210000
	S[13,18]	0.4862	0.1691	0.008009	0.5263	0.7095	210000
	S[13,19]	0.4693	0.1645	0.007731	0.5061	0.6925	210000
	S[13,20]	0.4529	0.1601	0.007506	0.4867	0.676	210000
	S[13,21]	0.4372	0.156	0.007235	0.468	0.66	210000
	S[13,22]	0.4219	0.152	0.006979	0.4502	0.6442	210000
	S[13,23]	0.4073	0.1482	0.006699	0.4331	0.6291	210000
	S[13,24]	0.3931	0.1446	0.006477	0.4166	0.6146	210000
	S[13,25]	0.3795	0.1412	0.006291	0.4008	0.6004	210000
	S[13,26]	0.3663	0.1379	0.00611	0.3855	0.5866	210000
	S[13,27]	0.3536	0.1348	0.005942	0.3708	0.5731	210000
	S[13,28]	0.3414	0.1318	0.005791	0.3567	0.5601	210000
	S[13,29]	0.3296	0.1289	0.005718	0.3432	0.5473	210000
	S[13,30]	0.3183	0.1262	0.005573	0.3302	0.535	210000
	S[13,31]	0.3074	0.1235	0.005432	0.3178	0.5231	210000
	S[13,32]	0.2968	0.1209	0.005337	0.3058	0.5111	210000
	S[13,33]	0.2867	0.1185	0.005206	0.2943	0.4999	210000
	S[13,34]	0.2769	0.1161	0.005013	0.2834	0.4889	210000
	S[13,35]	0.2675	0.1138	0.004895	0.2728	0.4781	210000
	S[13,36]	0.2584	0.1116	0.004771	0.2625	0.4678	210000
	S[13,37]	0.2497	0.1094	0.004656	0.2528	0.4574	210000
	S[13,38]	0.2413	0.1073	0.004569	0.2434	0.4474	210000
	S[13,39]	0.2332	0.1053	0.004526	0.2344	0.4378	210000
	S[13,40]	0.2253	0.1033	0.004431	0.2257	0.4284	210000
	S[13,41]	0.2178	0.1014	0.004338	0.2174	0.4193	210000
	S[13,42]	0.2105	0.09951	0.00428	0.2093	0.4104	210000
	S[13,43]	0.2036	0.09767	0.004205	0.2016	0.4016	210000
	S[13,44]	0.1968	0.09587	0.004117	0.1941	0.3929	210000
	S[13,45]	0.1903	0.09412	0.004024	0.187	0.3844	210000
	S[13,46]	0.184	0.0924	0.003945	0.1801	0.3762	210000
	S[13,47]	0.178	0.09072	0.003872	0.1734	0.3682	210000
	S[13,48]	0.1722	0.08907	0.003812	0.167	0.3604	210000
	S[13,49]	0.1666	0.08745	0.003751	0.1609	0.3529	210000
	S[13,50]	0.1612	0.08587	0.003806	0.155	0.3455	210000
	S[13,51]	0.1559	0.08431	0.003751	0.1493	0.3382	210000
	S[13,52]	0.1509	0.08279	0.003705	0.1439	0.3312	210000
	S[13,53]	0.1461	0.08129	0.003634	0.1387	0.3242	210000
	S[13,54]	0.1414	0.07982	0.003558	0.1336	0.3174	210000
	S[13,55]	0.1368	0.07838	0.003509	0.1287	0.3109	210000
	S[13,56]	0.1325	0.07696	0.003446	0.1241	0.3045	210000
	S[13,57]	0.1283	0.07557	0.003402	0.1195	0.298	210000
	S[13,58]	0.1242	0.0742	0.003321	0.1151	0.2918	210000
	S[13,59]	0.1203	0.07286	0.003239	0.1109	0.2859	210000
	S[13,60]	0.1165	0.07154	0.003194	0.1069	0.2802	210000
	S[13,61]	0.1129	0.07024	0.003143	0.1031	0.2744	210000
	S[13,62]	0.1093	0.06897	0.003065	0.09929	0.2689	210000
	S[13,63]	0.1059	0.06772	0.002888	0.09571	0.2636	210000
	S[13,64]	0.1026	0.06649	0.002743	0.09228	0.2584	210000
	S[13,65]	0.09946	0.06528	0.002566	0.08897	0.2532	210000
	S[13,66]	0.09639	0.06409	0.002431	0.08579	0.2481	210000
	S[13,67]	0.09343	0.06293	0.002308	0.0827	0.2431	210000
	S[13,68]	0.09057	0.06178	0.002151	0.07972	0.2382	210000
	S[13,69]	0.0878	0.06065	0.002024	0.07687	0.2334	210000
	S[13,70]	0.08513	0.05955	0.00191	0.07414	0.2288	210000
	S[13,71]	0.08254	0.05846	0.001824	0.07151	0.2241	210000
	S[13,72]	0.08005	0.05739	0.001733	0.06892	0.2196	210000
	S[13,73]	0.07763	0.05634	0.001621	0.06645	0.2153	210000
	S[13,74]	0.0753	0.05531	0.001527	0.0641	0.211	210000
	S[13,75]	0.07304	0.0543	0.00142	0.06182	0.2068	210000
	S[13,76]	0.07086	0.05331	0.00136	0.05959	0.2027	210000
	S[13,77]	0.06875	0.05233	0.001279	0.05744	0.1988	210000
	S[13,78]	0.06671	0.05137	0.001224	0.0554	0.1949	210000
	S[13,79]	0.06474	0.05043	0.001155	0.05343	0.1909	210000
	S[13,80]	0.06283	0.04951	0.001085	0.0515	0.1871	210000
	S[13,81]	0.06098	0.0486	0.00102	0.04966	0.1834	210000
	S[13,82]	0.05919	0.04771	9.631E-4	0.04791	0.1797	210000
	S[13,83]	0.05746	0.04683	9.14E-4	0.04621	0.1762	210000
	S[13,84]	0.05579	0.04597	8.572E-4	0.04456	0.1727	210000
	S[13,85]	0.05417	0.04513	8.034E-4	0.04297	0.1695	210000
	S[13,86]	0.0526	0.0443	7.606E-4	0.04145	0.1663	210000
	S[13,87]	0.05108	0.04349	7.147E-4	0.03998	0.1631	210000
	S[13,88]	0.04961	0.04269	6.721E-4	0.03858	0.1599	210000
	S[13,89]	0.04819	0.04191	6.25E-4	0.03721	0.1569	210000
	S[13,90]	0.04681	0.04114	5.862E-4	0.03589	0.1539	210000
	S[13,91]	0.04547	0.04039	5.512E-4	0.03462	0.1509	210000
	S[13,92]	0.04418	0.03965	5.176E-4	0.03341	0.148	210000
	S[13,93]	0.04293	0.03892	4.911E-4	0.03221	0.1452	210000
	S[13,94]	0.04171	0.03821	4.624E-4	0.03107	0.1424	210000
	S[13,95]	0.04054	0.03751	4.35E-4	0.02998	0.1398	210000
	S[13,96]	0.0394	0.03682	4.018E-4	0.02893	0.1371	210000
	S[13,97]	0.03829	0.03615	3.784E-4	0.02789	0.1345	210000
	S[13,98]	0.03722	0.03549	3.573E-4	0.02689	0.1319	210000
	S[13,99]	0.03619	0.03484	3.336E-4	0.02595	0.1294	210000
	S[13,100]	0.03518	0.0342	3.159E-4	0.02503	0.1269	210000
	S[13,101]	0.03421	0.03358	2.986E-4	0.02414	0.1245	210000
	S[13,102]	0.03326	0.03297	2.821E-4	0.02328	0.1221	210000
	S[13,103]	0.03235	0.03237	2.661E-4	0.02247	0.1197	210000
	S[13,104]	0.03146	0.03178	2.527E-4	0.02169	0.1174	210000
	S[13,105]	0.0306	0.0312	2.38E-4	0.02093	0.1152	210000
	S[13,106]	0.02976	0.03063	2.243E-4	0.02019	0.113	210000
	S[13,107]	0.02895	0.03008	2.07E-4	0.01948	0.1108	210000
	S[13,108]	0.02816	0.02953	1.921E-4	0.01879	0.1087	210000
	S[13,109]	0.0274	0.02899	1.722E-4	0.01813	0.1066	210000
	S[13,110]	0.02666	0.02847	1.538E-4	0.0175	0.1046	210000
	S[13,111]	0.02594	0.02795	1.37E-4	0.01689	0.1025	210000
	S[13,112]	0.02525	0.02745	1.214E-4	0.0163	0.1006	210000
	S[13,113]	0.02457	0.02695	9.932E-5	0.01574	0.0987	210000
	S[13,114]	0.02391	0.02647	8.381E-5	0.01518	0.09686	210000
	S[13,115]	0.02328	0.02599	6.368E-5	0.01465	0.09508	210000
	S[13,116]	0.02266	0.02552	2.01E-5	0.01414	0.09335	210000
	S[13,117]	0.02206	0.02506	-4.504E-5	0.01364	0.09152	210000
	S[13,118]	0.02148	0.02461	-1.891E-4	0.01316	0.08984	210000
	S[13,119]	0.02091	0.02417	-3.16E-4	0.0127	0.08815	210000
	S[13,120]	0.02036	0.02374	-4.307E-4	0.01225	0.08651	210000
	rk60[1,1]	0.4431	0.4968	-0.002188	4.427E-7	1.002	210000
	rk60[1,2]	0.4164	0.493	-0.00218	9.798E-7	1.002	210000
	rk60[1,3]	0.1211	0.3262	-0.003026	1.776E-8	1.0	210000
	rk60[1,4]	0.0175	0.1311	-0.002204	1.588E-8	0.002669	210000
	rk60[1,5]	0.001848	0.04294	-0.002186	-1.563E-8	0.002208	210000
	rk60[1,6]	1.048E-4	0.01023	-0.002186	1.56E-8	0.002182	210000
	rk60[1,7]	9.524E-6	0.003086	-0.002186	-1.56E-8	0.002186	210000
	rk60[1,8]	0.0	1.0E-15	-0.002186	-1.56E-8	0.002186	210000
	rk60[1,9]	0.0	1.0E-15	-0.002186	-1.56E-8	0.002186	210000
	rk60[1,10]	0.0	1.0E-15	-0.002186	-1.56E-8	0.002186	210000
	rk60[1,11]	0.0	1.0E-15	-0.002186	-1.56E-8	0.002186	210000
	rk60[1,12]	0.0	1.0E-15	-0.002186	-1.56E-8	0.002186	210000
	rk60[1,13]	0.0	1.0E-15	-0.002186	-1.56E-8	0.002186	210000
	rk60[2,1]	0.02222	0.1474	-0.002185	-1.596E-8	0.005972	210000
	rk60[2,2]	0.1021	0.3028	-0.002181	7.303E-14	1.0	210000
	rk60[2,3]	0.2533	0.4349	-0.002183	2.479E-9	1.002	210000
	rk60[2,4]	0.3074	0.4614	-0.002184	2.759E-8	1.002	210000
	rk60[2,5]	0.194	0.3954	-0.002184	1.627E-8	1.0	210000
	rk60[2,6]	0.0817	0.2739	-0.002183	1.7E-8	1.0	210000
	rk60[2,7]	0.02917	0.1683	-0.002188	1.182E-13	1.0	210000
	rk60[2,8]	0.007957	0.08885	-0.002186	1.572E-8	0.002516	210000
	rk60[2,9]	0.00191	0.04366	-0.002185	1.563E-8	0.002221	210000
	rk60[2,10]	2.905E-4	0.01704	-0.002186	1.56E-8	0.002185	210000
	rk60[2,11]	1.048E-4	0.01023	-0.002186	-1.56E-8	0.002185	210000
	rk60[2,12]	0.0	1.0E-15	-0.002186	-1.56E-8	0.002186	210000
	rk60[2,13]	0.0	1.0E-15	-0.002186	-1.56E-8	0.002186	210000
	rk60[3,1]	2.381E-5	0.004879	-0.002186	1.56E-8	0.002185	210000
	rk60[3,2]	8.905E-4	0.02983	-0.002186	-1.561E-8	0.002201	210000
	rk60[3,3]	0.005557	0.07434	-0.002185	1.568E-8	0.002208	210000
	rk60[3,4]	0.02773	0.1642	-0.002186	1.605E-8	0.02054	210000
	rk60[3,5]	0.09002	0.2862	-0.002184	-1.06E-13	1.0	210000
	rk60[3,6]	0.1833	0.3869	-0.002182	2.361E-10	1.0	210000
	rk60[3,7]	0.233	0.4227	-0.002184	2.348E-8	1.0	210000
	rk60[3,8]	0.2377	0.4256	-0.002488	1.567E-8	1.0	210000
	rk60[3,9]	0.1459	0.353	-0.002183	7.763E-13	1.0	210000
	rk60[3,10]	0.05174	0.2215	-0.002189	-1.644E-8	1.0	210000
	rk60[3,11]	0.01793	0.1327	-0.002206	1.588E-8	0.004346	210000
	rk60[3,12]	0.005186	0.07182	-0.002208	1.568E-8	0.002199	210000
	rk60[3,13]	0.00121	0.03476	-0.002184	-1.562E-8	0.002202	210000
	rk60[4,1]	0.0312	0.1739	-0.002186	-1.611E-8	0.146	210000
	rk60[4,2]	0.05427	0.2265	-0.002185	9.096E-14	1.0	210000
	rk60[4,3]	0.126	0.3318	-0.002184	-4.737E-14	1.0	210000
	rk60[4,4]	0.223	0.4162	-0.002183	-1.98E-8	1.0	210000
	rk60[4,5]	0.2768	0.4474	-0.002159	6.753E-8	1.0	210000
	rk60[4,6]	0.1592	0.3658	-0.002185	1.856E-8	1.0	210000
	rk60[4,7]	0.07935	0.2703	-0.002185	1.693E-8	1.0	210000
	rk60[4,8]	0.03373	0.1805	-0.002182	1.614E-8	1.0	210000
	rk60[4,9]	0.01204	0.1091	-0.002186	1.579E-8	0.002877	210000
	rk60[4,10]	0.003367	0.05793	-0.002186	1.565E-8	0.00223	210000
	rk60[4,11]	9.81E-4	0.0313	-0.002186	1.561E-8	0.00218	210000
	rk60[4,12]	2.143E-4	0.01464	-0.002186	1.56E-8	0.002182	210000
	rk60[4,13]	1.429E-5	0.00378	-0.002186	1.56E-8	0.002186	210000
	rk60[5,1]	3.905E-4	0.01976	-0.002186	1.56E-8	0.00218	210000
	rk60[5,2]	0.001238	0.03516	-0.002186	-1.562E-8	0.002201	210000
	rk60[5,3]	0.006381	0.07963	-0.002185	1.57E-8	0.002221	210000
	rk60[5,4]	0.02753	0.1636	-0.002182	-1.605E-8	0.06643	210000
	rk60[5,5]	0.08088	0.2726	-0.002187	3.399E-8	1.0	210000
	rk60[5,6]	0.1757	0.3805	-0.002183	1.602E-9	1.0	210000
	rk60[5,7]	0.2143	0.4104	-0.002184	4.192E-8	1.0	210000
	rk60[5,8]	0.2137	0.4099	-0.002189	-1.287E-8	1.0	210000
	rk60[5,9]	0.1635	0.3698	-0.002193	1.863E-8	1.0	210000
	rk60[5,10]	0.06887	0.2532	-0.002188	6.95E-14	1.0	210000
	rk60[5,11]	0.02897	0.1677	-0.002183	-1.605E-8	0.9999	210000
	rk60[5,12]	0.01285	0.1126	-0.002184	1.579E-8	0.002127	210000
	rk60[5,13]	0.005795	0.07591	-0.002186	1.569E-8	0.002274	210000
	rk60[6,1]	0.1466	0.3537	-0.002186	1.831E-9	1.0	210000
	rk60[6,2]	0.3058	0.4607	-0.002079	-1.318E-8	1.002	210000
	rk60[6,3]	0.3222	0.4673	-0.002183	1.123E-7	1.0	210000
	rk60[6,4]	0.1685	0.3743	-0.002182	-1.872E-8	1.002	210000
	rk60[6,5]	0.04616	0.2098	-0.002186	-1.635E-8	1.0	210000
	rk60[6,6]	0.008538	0.09201	-0.002187	1.573E-8	0.002249	210000
	rk60[6,7]	0.001871	0.04322	-0.002184	1.563E-8	0.002186	210000
	rk60[6,8]	3.524E-4	0.01877	-0.002186	-1.56E-8	0.002181	210000
	rk60[6,9]	4.762E-5	0.0069	-0.002186	-1.56E-8	0.002184	210000
	rk60[6,10]	4.762E-6	0.002182	-0.002186	1.56E-8	0.002186	210000
	rk60[6,11]	0.0	1.0E-15	-0.002186	-1.56E-8	0.002186	210000
	rk60[6,12]	0.0	1.0E-15	-0.002186	-1.56E-8	0.002186	210000
	rk60[6,13]	0.0	1.0E-15	-0.002186	-1.56E-8	0.002186	210000
	rk60[7,1]	0.003076	0.05538	-0.002185	-1.565E-8	0.002236	210000
	rk60[7,2]	0.007038	0.0836	-0.002186	-1.571E-8	0.002192	210000
	rk60[7,3]	0.02814	0.1654	-0.00219	1.605E-8	0.1775	210000
	rk60[7,4]	0.0663	0.2488	-0.002184	1.671E-8	1.0	210000
	rk60[7,5]	0.1196	0.3245	-0.002183	-1.771E-8	1.0	210000
	rk60[7,6]	0.1667	0.3727	-0.002184	3.394E-12	1.002	210000
	rk60[7,7]	0.182	0.3859	-0.002184	1.211E-8	1.0	210000
	rk60[7,8]	0.1747	0.3797	-0.002185	2.112E-10	1.0	210000
	rk60[7,9]	0.1405	0.3475	-0.002186	-1.816E-8	1.0	210000
	rk60[7,10]	0.06414	0.245	-0.002186	-5.544E-14	1.0	210000
	rk60[7,11]	0.02846	0.1663	-0.002208	-1.605E-8	0.9999	210000
	rk60[7,12]	0.01284	0.1126	-0.002186	-1.58E-8	0.003056	210000
	rk60[7,13]	0.006581	0.08086	-0.002185	-1.57E-8	0.002431	210000
	rk60[8,1]	0.001071	0.03272	-0.002186	-1.562E-8	0.002192	210000
	rk60[8,2]	0.004567	0.06742	-0.002186	1.567E-8	0.002242	210000
	rk60[8,3]	0.01388	0.117	-0.002182	-1.582E-8	0.002711	210000
	rk60[8,4]	0.0336	0.1802	-0.002189	-1.614E-8	1.0	210000
	rk60[8,5]	0.07072	0.2564	-0.002184	-1.677E-8	1.0	210000
	rk60[8,6]	0.1191	0.3239	-0.002184	1.767E-8	1.0	210000
	rk60[8,7]	0.1563	0.3631	-0.002184	7.817E-14	1.0	210000
	rk60[8,8]	0.2089	0.4065	-0.002185	-3.879E-9	1.0	210000
	rk60[8,9]	0.3462	0.4758	-0.002183	1.608E-6	1.0	210000
	rk60[8,10]	0.04309	0.2031	-0.002183	-7.549E-15	1.0	210000
	rk60[8,11]	0.00261	0.05102	-0.002186	1.564E-8	0.002281	210000
	rk60[8,12]	1.429E-5	0.00378	-0.002186	1.56E-8	0.002184	210000
	rk60[8,13]	0.0	1.0E-15	-0.002186	-1.56E-8	0.002186	210000
	rk60[9,1]	0.0	1.0E-15	-0.002186	-1.56E-8	0.002186	210000
	rk60[9,2]	0.0	1.0E-15	-0.002186	-1.56E-8	0.002186	210000
	rk60[9,3]	0.0	1.0E-15	-0.002186	-1.56E-8	0.002186	210000
	rk60[9,4]	0.0	1.0E-15	-0.002186	-1.56E-8	0.002186	210000
	rk60[9,5]	4.762E-6	0.002182	-0.002186	1.56E-8	0.002186	210000
	rk60[9,6]	4.286E-5	0.006546	-0.002186	1.56E-8	0.002187	210000
	rk60[9,7]	2.81E-4	0.01676	-0.002186	1.56E-8	0.002188	210000
	rk60[9,8]	0.001443	0.03796	-0.002186	1.562E-8	0.002202	210000
	rk60[9,9]	0.008367	0.09109	-0.002208	-1.573E-8	0.002222	210000
	rk60[9,10]	0.157	0.3638	-0.002183	-1.83E-8	1.0	210000
	rk60[9,11]	0.3238	0.4679	-0.002187	4.984E-8	1.002	210000
	rk60[9,12]	0.3381	0.4731	-0.002185	5.524E-9	1.002	210000
	rk60[9,13]	0.1709	0.3764	-0.002183	2.301E-9	1.0	210000
	rk60[10,1]	0.006881	0.08267	-0.002185	1.571E-8	0.002157	210000
	rk60[10,2]	0.004619	0.06781	-0.002185	-1.567E-8	0.002269	210000
	rk60[10,3]	0.005229	0.07212	-0.002186	1.568E-8	0.002258	210000
	rk60[10,4]	0.0073	0.08513	-0.002183	-1.571E-8	0.002193	210000
	rk60[10,5]	0.01001	0.09955	-0.002184	-1.575E-8	0.002244	210000
	rk60[10,6]	0.01393	0.1172	-0.002183	1.581E-8	0.002128	210000
	rk60[10,7]	0.01751	0.1312	-0.002185	-1.587E-8	0.004025	210000
	rk60[10,8]	0.02597	0.1591	-0.002182	1.6E-8	0.9997	210000
	rk60[10,9]	0.04105	0.1984	-0.002195	-1.626E-8	1.0	210000
	rk60[10,10]	0.1265	0.3324	-0.002184	2.524E-13	1.0	210000
	rk60[10,11]	0.1422	0.3492	-0.002184	3.172E-11	1.0	210000
	rk60[10,12]	0.2374	0.4255	-0.002183	4.412E-8	1.002	210000
	rk60[10,13]	0.3615	0.4804	-0.002191	2.981E-8	1.002	210000
	rk60[11,1]	6.667E-5	0.008165	-0.002186	-1.56E-8	0.00219	210000
	rk60[11,2]	5.714E-5	0.007559	-0.002186	-1.56E-8	0.002188	210000
	rk60[11,3]	1.19E-4	0.01091	-0.002186	1.56E-8	0.002191	210000
	rk60[11,4]	4.429E-4	0.02104	-0.002186	-1.561E-8	0.00219	210000
	rk60[11,5]	0.001519	0.03895	-0.002185	-1.562E-8	0.00219	210000
	rk60[11,6]	0.004162	0.06438	-0.002182	1.567E-8	0.002345	210000
	rk60[11,7]	0.01072	0.103	-0.002185	-1.577E-8	0.002496	210000
	rk60[11,8]	0.02292	0.1497	-0.002184	-1.596E-8	0.005972	210000
	rk60[11,9]	0.05425	0.2265	-0.002184	6.879E-14	1.0	210000
	rk60[11,10]	0.3022	0.4592	-0.002761	8.441E-8	1.002	210000
	rk60[11,11]	0.2878	0.4527	-0.002183	3.423E-9	1.0	210000
	rk60[11,12]	0.2073	0.4054	-0.002181	-1.904E-8	1.0	210000
	rk60[11,13]	0.1085	0.311	-0.002186	-1.749E-8	1.0	210000
	rk60[12,1]	0.007552	0.08658	-0.002186	-1.572E-8	0.002498	210000
	rk60[12,2]	0.00381	0.0616	-0.002186	1.566E-8	0.002258	210000
	rk60[12,3]	0.004062	0.0636	-0.002186	1.566E-8	0.002193	210000
	rk60[12,4]	0.006133	0.07808	-0.002187	1.569E-8	0.002266	210000
	rk60[12,5]	0.009619	0.0976	-0.002184	-1.575E-8	0.002179	210000
	rk60[12,6]	0.0142	0.1183	-0.002186	1.582E-8	0.002476	210000
	rk60[12,7]	0.02009	0.1403	-0.002182	1.591E-8	0.929	210000
	rk60[12,8]	0.02941	0.169	-0.002188	-1.561E-18	1.0	210000
	rk60[12,9]	0.05208	0.2222	-0.002185	-1.241E-13	1.0	210000
	rk60[12,10]	0.1675	0.3734	-0.002184	4.148E-9	1.0	210000
	rk60[12,11]	0.16	0.3666	-0.002186	7.978E-14	1.0	210000
	rk60[12,12]	0.1823	0.3861	-0.002182	7.939E-12	1.0	210000
	rk60[12,13]	0.3432	0.4748	-0.002183	2.314E-7	1.0	210000
	rk60[13,1]	0.3378	0.473	-0.00221	5.645E-7	1.002	210000
	rk60[13,2]	0.0993	0.2991	-0.002183	-1.73E-8	1.0	210000
	rk60[13,3]	0.1142	0.3181	-0.002183	1.761E-8	1.0	210000
	rk60[13,4]	0.1147	0.3187	-0.002185	-7.923E-14	1.0	210000
	rk60[13,5]	0.0989	0.2985	-0.002187	5.866E-14	1.0	210000
	rk60[13,6]	0.07355	0.261	-0.002183	5.685E-15	1.0	210000
	rk60[13,7]	0.05548	0.2289	-0.002184	1.652E-8	1.0	210000
	rk60[13,8]	0.04325	0.2034	-0.002184	-1.208E-13	1.0	210000
	rk60[13,9]	0.03422	0.1818	-0.002205	-1.615E-8	1.0	210000
	rk60[13,10]	0.01534	0.1229	-0.002185	-1.584E-8	0.002438	210000
	rk60[13,11]	0.007162	0.08432	-0.002208	1.571E-8	0.00231	210000
	rk60[13,12]	0.00381	0.0616	-0.002182	-1.566E-8	0.002213	210000
	rk60[13,13]	0.002281	0.0477	-0.002186	-1.563E-8	0.002242	210000

Dbar = post.mean of -2logL; Dhat = -2LogL at post.mean of stochastic nodes
	Dbar	Dhat	pD	DIC	
r	2270.690	2220.770	49.918	2320.610	
total	2270.690	2220.770	49.918	2320.610	
