Results - 30,000 burn in 70,000 iterations, seed 385916

	 node	 mean	 sd	 MC error	2.5%	median	97.5%	start	sample
	d[2,1]	-0.1967	0.09612	9.397E-4	-0.386	-0.1964	-0.007038	30001	210000
	d[2,2]	0.9223	1.467	0.01371	-1.925	0.9098	3.852	30001	210000
	d[3,1]	-0.4617	0.1111	0.001109	-0.6802	-0.4613	-0.2443	30001	210000
	d[3,2]	0.4567	1.24	0.01162	-2.001	0.4542	2.886	30001	210000
	d[4,1]	-0.2238	0.1474	0.002346	-0.513	-0.2236	0.06349	30001	210000
	d[4,2]	-1.921	2.949	0.03604	-7.605	-1.983	4.036	30001	210000
	d[5,1]	-0.3601	0.1464	0.002294	-0.6515	-0.3589	-0.07651	30001	210000
	d[5,2]	-8.633	2.814	0.03759	-14.23	-8.616	-3.201	30001	210000
	d[6,1]	-0.003971	0.09309	0.001291	-0.1878	-0.00354	0.176	30001	210000
	d[6,2]	-8.501	1.657	0.01726	-11.89	-8.45	-5.411	30001	210000
	d[7,1]	-0.3201	0.1686	0.002042	-0.6508	-0.3197	0.00811	30001	210000
	d[7,2]	-14.13	4.556	0.04052	-23.72	-13.9	-5.723	30001	210000
	d[8,1]	-0.5683	0.1712	0.004312	-0.9092	-0.5684	-0.2275	30001	210000
	d[8,2]	1.76	2.181	0.05653	-2.474	1.763	6.069	30001	210000
	d[9,1]	-1.039	0.1353	0.002937	-1.305	-1.038	-0.7752	30001	210000
	d[9,2]	3.866	1.573	0.03337	0.7285	3.882	6.923	30001	210000
	d[10,1]	-1.338	0.1783	0.003987	-1.688	-1.338	-0.9898	30001	210000
	d[10,2]	6.273	2.145	0.04904	2.05	6.251	10.49	30001	210000
	d[11,1]	-0.899	0.1999	0.004754	-1.286	-0.8995	-0.5013	30001	210000
	d[11,2]	1.272	2.552	0.06189	-3.704	1.266	6.279	30001	210000
	d[12,1]	-1.042	0.2937	0.005258	-1.628	-1.038	-0.475	30001	210000
	d[12,2]	2.465	3.278	0.06405	-3.951	2.488	8.886	30001	210000
	d[13,1]	-0.1747	0.2911	0.003018	-0.7478	-0.1761	0.397	30001	210000
	d[13,2]	-3.553	10.42	0.1044	-25.31	-3.128	16.22	30001	210000


	 node	 mean	 sd	 2.5%	 median	 97.5%	sample
	S[1,1]	0.9582	0.04693	0.8302	0.9734	0.997	210000
	S[1,2]	0.9217	0.0522	0.7816	0.9366	0.9742	210000
	S[1,3]	0.8847	0.05288	0.7453	0.8987	0.9425	210000
	S[1,4]	0.8484	0.05205	0.7125	0.8614	0.9082	210000
	S[1,5]	0.8132	0.05064	0.6812	0.8252	0.8738	210000
	S[1,6]	0.7792	0.04904	0.6523	0.7902	0.8402	210000
	S[1,7]	0.7465	0.04742	0.625	0.7566	0.8075	210000
	S[1,8]	0.7151	0.04585	0.5991	0.7243	0.7761	210000
	S[1,9]	0.685	0.04438	0.574	0.6931	0.7462	210000
	S[1,10]	0.6562	0.04302	0.5501	0.6633	0.7175	210000
	S[1,11]	0.6285	0.04177	0.5272	0.6348	0.69	210000
	S[1,12]	0.602	0.04064	0.505	0.6074	0.6636	210000
	S[1,13]	0.5765	0.03961	0.4836	0.5814	0.6384	210000
	S[1,14]	0.5522	0.03867	0.4628	0.5565	0.6143	210000
	S[1,15]	0.5289	0.03782	0.4432	0.5326	0.5912	210000
	S[1,16]	0.5066	0.03705	0.4243	0.5097	0.569	210000
	S[1,17]	0.4852	0.03633	0.4058	0.4879	0.5476	210000
	S[1,18]	0.4647	0.03567	0.388	0.467	0.5271	210000
	S[1,19]	0.4451	0.03506	0.3705	0.447	0.5076	210000
	S[1,20]	0.4263	0.03448	0.3539	0.4278	0.4888	210000
	S[1,21]	0.4083	0.03393	0.3379	0.4095	0.4709	210000
	S[1,22]	0.3911	0.0334	0.3225	0.392	0.4534	210000
	S[1,23]	0.3746	0.03289	0.3078	0.3753	0.4366	210000
	S[1,24]	0.3588	0.0324	0.2935	0.3593	0.4207	210000
	S[1,25]	0.3436	0.03191	0.2799	0.344	0.4052	210000
	S[1,26]	0.3292	0.03144	0.2668	0.3294	0.3902	210000
	S[1,27]	0.3153	0.03096	0.2541	0.3153	0.3757	210000
	S[1,28]	0.302	0.0305	0.2422	0.3019	0.3619	210000
	S[1,29]	0.2893	0.03003	0.2308	0.2891	0.3488	210000
	S[1,30]	0.2771	0.02956	0.2199	0.2768	0.3359	210000
	S[1,31]	0.2654	0.02909	0.2095	0.265	0.3237	210000
	S[1,32]	0.2543	0.02862	0.1995	0.2537	0.3119	210000
	S[1,33]	0.2436	0.02815	0.1899	0.243	0.3005	210000
	S[1,34]	0.2333	0.02768	0.1808	0.2327	0.2896	210000
	S[1,35]	0.2235	0.0272	0.1721	0.2228	0.2791	210000
	S[1,36]	0.2141	0.02673	0.1638	0.2133	0.2688	210000
	S[1,37]	0.2051	0.02625	0.156	0.2043	0.2591	210000
	S[1,38]	0.1965	0.02577	0.1485	0.1956	0.2496	210000
	S[1,39]	0.1883	0.02529	0.1413	0.1873	0.2405	210000
	S[1,40]	0.1803	0.02481	0.1344	0.1794	0.2317	210000
	S[1,41]	0.1728	0.02433	0.1279	0.1718	0.2234	210000
	S[1,42]	0.1655	0.02385	0.1217	0.1645	0.2153	210000
	S[1,43]	0.1586	0.02337	0.1157	0.1575	0.2075	210000
	S[1,44]	0.1519	0.0229	0.1101	0.1508	0.2	210000
	S[1,45]	0.1456	0.02242	0.1047	0.1444	0.1928	210000
	S[1,46]	0.1395	0.02195	0.09962	0.1383	0.1858	210000
	S[1,47]	0.1336	0.02148	0.09472	0.1324	0.1791	210000
	S[1,48]	0.128	0.02101	0.0901	0.1268	0.1726	210000
	S[1,49]	0.1227	0.02055	0.08571	0.1215	0.1664	210000
	S[1,50]	0.1175	0.02009	0.0815	0.1163	0.1604	210000
	S[1,51]	0.1126	0.01963	0.07747	0.1114	0.1546	210000
	S[1,52]	0.1079	0.01918	0.07367	0.1067	0.149	210000
	S[1,53]	0.1034	0.01874	0.07005	0.1022	0.1437	210000
	S[1,54]	0.09906	0.0183	0.06663	0.09784	0.1385	210000
	S[1,55]	0.09492	0.01786	0.06334	0.0937	0.1334	210000
	S[1,56]	0.09096	0.01743	0.06025	0.08973	0.1286	210000
	S[1,57]	0.08716	0.01701	0.05728	0.08593	0.124	210000
	S[1,58]	0.08352	0.01659	0.05445	0.0823	0.1195	210000
	S[1,59]	0.08003	0.01618	0.05176	0.07881	0.1152	210000
	S[1,60]	0.07669	0.01577	0.0492	0.07547	0.1111	210000
	S[1,61]	0.07349	0.01537	0.04677	0.07228	0.1071	210000
	S[1,62]	0.07043	0.01498	0.04445	0.06923	0.1032	210000
	S[1,63]	0.06749	0.0146	0.04226	0.0663	0.09951	210000
	S[1,64]	0.06468	0.01422	0.04016	0.06349	0.09594	210000
	S[1,65]	0.06198	0.01385	0.03816	0.0608	0.09249	210000
	S[1,66]	0.0594	0.01348	0.03628	0.05824	0.08919	210000
	S[1,67]	0.05693	0.01312	0.03447	0.05577	0.08596	210000
	S[1,68]	0.05456	0.01277	0.03277	0.05342	0.08289	210000
	S[1,69]	0.05229	0.01243	0.03113	0.05116	0.07989	210000
	S[1,70]	0.05011	0.01209	0.02958	0.04899	0.07703	210000
	S[1,71]	0.04803	0.01176	0.02811	0.04692	0.07428	210000
	S[1,72]	0.04603	0.01144	0.02671	0.04493	0.07162	210000
	S[1,73]	0.04412	0.01112	0.02538	0.04303	0.06906	210000
	S[1,74]	0.04228	0.01081	0.02411	0.04121	0.0666	210000
	S[1,75]	0.04053	0.01051	0.02291	0.03946	0.06425	210000
	S[1,76]	0.03884	0.01022	0.02176	0.03779	0.06193	210000
	S[1,77]	0.03723	0.009928	0.02068	0.03619	0.05971	210000
	S[1,78]	0.03569	0.009646	0.01965	0.03466	0.05759	210000
	S[1,79]	0.03421	0.009371	0.01866	0.03319	0.05555	210000
	S[1,80]	0.03279	0.009102	0.01773	0.03178	0.05357	210000
	S[1,81]	0.03143	0.00884	0.01683	0.03044	0.05165	210000
	S[1,82]	0.03013	0.008584	0.01598	0.02915	0.04982	210000
	S[1,83]	0.02888	0.008335	0.01517	0.02791	0.04805	210000
	S[1,84]	0.02768	0.008091	0.01441	0.02673	0.04631	210000
	S[1,85]	0.02653	0.007854	0.01367	0.0256	0.04466	210000
	S[1,86]	0.02544	0.007623	0.01298	0.02451	0.04308	210000
	S[1,87]	0.02438	0.007398	0.01231	0.02347	0.04158	210000
	S[1,88]	0.02337	0.007178	0.01168	0.02248	0.0401	210000
	S[1,89]	0.02241	0.006965	0.01108	0.02153	0.03867	210000
	S[1,90]	0.02148	0.006757	0.01051	0.02062	0.03729	210000
	S[1,91]	0.02059	0.006554	0.009962	0.01975	0.03596	210000
	S[1,92]	0.01974	0.006357	0.009445	0.01891	0.03469	210000
	S[1,93]	0.01893	0.006165	0.00895	0.01811	0.03346	210000
	S[1,94]	0.01815	0.005978	0.008479	0.01734	0.03228	210000
	S[1,95]	0.0174	0.005797	0.008026	0.0166	0.03114	210000
	S[1,96]	0.01668	0.00562	0.007611	0.0159	0.03004	210000
	S[1,97]	0.01599	0.005448	0.007213	0.01523	0.02897	210000
	S[1,98]	0.01533	0.005281	0.006826	0.01458	0.02793	210000
	S[1,99]	0.0147	0.005119	0.006471	0.01396	0.02693	210000
	S[1,100]	0.01409	0.004961	0.006116	0.01337	0.02599	210000
	S[1,101]	0.01351	0.004808	0.005787	0.0128	0.02508	210000
	S[1,102]	0.01296	0.004659	0.005474	0.01226	0.0242	210000
	S[1,103]	0.01242	0.004514	0.005174	0.01175	0.02335	210000
	S[1,104]	0.01191	0.004374	0.004874	0.01125	0.02252	210000
	S[1,105]	0.01142	0.004237	0.004592	0.01077	0.02173	210000
	S[1,106]	0.01095	0.004105	0.004337	0.01032	0.02097	210000
	S[1,107]	0.0105	0.003976	0.004068	0.009877	0.02023	210000
	S[1,108]	0.01007	0.003851	0.003818	0.009458	0.01952	210000
	S[1,109]	0.009655	0.00373	0.003585	0.009058	0.01884	210000
	S[1,110]	0.009258	0.003612	0.003367	0.008674	0.01819	210000
	S[1,111]	0.008878	0.003498	0.00315	0.008308	0.01754	210000
	S[1,112]	0.008513	0.003387	0.002937	0.007957	0.01694	210000
	S[1,113]	0.008164	0.003279	0.002728	0.00762	0.01635	210000
	S[1,114]	0.007829	0.003175	0.002519	0.007298	0.01578	210000
	S[1,115]	0.007507	0.003074	0.002328	0.006989	0.01523	210000
	S[1,116]	0.007199	0.002976	0.002134	0.006693	0.0147	210000
	S[1,117]	0.006904	0.002881	0.001952	0.00641	0.0142	210000
	S[1,118]	0.006621	0.002788	0.001776	0.006138	0.01371	210000
	S[1,119]	0.00635	0.002699	0.001605	0.005879	0.01325	210000
	S[1,120]	0.00609	0.002612	0.001431	0.00563	0.01279	210000
	S[2,1]	0.86	0.2056	0.1783	0.9471	0.9984	210000
	S[2,2]	0.8273	0.2044	0.1619	0.91	0.9814	210000
	S[2,3]	0.7976	0.1993	0.1544	0.8763	0.9559	210000
	S[2,4]	0.7693	0.1933	0.1479	0.8444	0.9276	210000
	S[2,5]	0.742	0.187	0.1422	0.8137	0.8989	210000
	S[2,6]	0.7158	0.1806	0.1383	0.7842	0.8706	210000
	S[2,7]	0.6904	0.1744	0.1357	0.7557	0.8431	210000
	S[2,8]	0.666	0.1684	0.1289	0.7281	0.8166	210000
	S[2,9]	0.6425	0.1625	0.1258	0.7012	0.7909	210000
	S[2,10]	0.6198	0.1569	0.1221	0.6755	0.7662	210000
	S[2,11]	0.5979	0.1515	0.1174	0.6504	0.7425	210000
	S[2,12]	0.5768	0.1463	0.1122	0.6265	0.7196	210000
	S[2,13]	0.5565	0.1413	0.1086	0.6033	0.6975	210000
	S[2,14]	0.5369	0.1365	0.1053	0.581	0.6762	210000
	S[2,15]	0.518	0.1319	0.1017	0.5594	0.6556	210000
	S[2,16]	0.4998	0.1275	0.09789	0.5387	0.6358	210000
	S[2,17]	0.4822	0.1233	0.09476	0.5187	0.6165	210000
	S[2,18]	0.4652	0.1192	0.09128	0.4997	0.5979	210000
	S[2,19]	0.4489	0.1153	0.08812	0.4812	0.58	210000
	S[2,20]	0.4331	0.1116	0.08519	0.4634	0.5627	210000
	S[2,21]	0.4179	0.1081	0.08236	0.4462	0.5458	210000
	S[2,22]	0.4032	0.1046	0.07977	0.4298	0.5297	210000
	S[2,23]	0.3891	0.1013	0.07704	0.414	0.5139	210000
	S[2,24]	0.3755	0.09817	0.07463	0.3988	0.4986	210000
	S[2,25]	0.3623	0.09514	0.07209	0.3842	0.484	210000
	S[2,26]	0.3496	0.09222	0.0697	0.3701	0.4699	210000
	S[2,27]	0.3374	0.08942	0.06758	0.3565	0.4561	210000
	S[2,28]	0.3256	0.08672	0.06543	0.3434	0.4427	210000
	S[2,29]	0.3142	0.08413	0.06315	0.3309	0.4298	210000
	S[2,30]	0.3032	0.08163	0.0609	0.3188	0.4173	210000
	S[2,31]	0.2927	0.07923	0.05906	0.3072	0.4051	210000
	S[2,32]	0.2824	0.07691	0.05715	0.2961	0.3933	210000
	S[2,33]	0.2726	0.07468	0.05552	0.2853	0.3818	210000
	S[2,34]	0.2631	0.07252	0.05394	0.2749	0.3708	210000
	S[2,35]	0.2539	0.07045	0.05212	0.265	0.36	210000
	S[2,36]	0.2451	0.06844	0.05057	0.2554	0.3496	210000
	S[2,37]	0.2366	0.06651	0.04886	0.246	0.3395	210000
	S[2,38]	0.2283	0.06464	0.04741	0.2371	0.3296	210000
	S[2,39]	0.2204	0.06284	0.04606	0.2285	0.3201	210000
	S[2,40]	0.2127	0.06109	0.0447	0.2202	0.3109	210000
	S[2,41]	0.2054	0.0594	0.04322	0.2123	0.3019	210000
	S[2,42]	0.1982	0.05777	0.04191	0.2046	0.2932	210000
	S[2,43]	0.1914	0.05619	0.03984	0.1973	0.2847	210000
	S[2,44]	0.1847	0.05466	0.03856	0.1902	0.2765	210000
	S[2,45]	0.1783	0.05318	0.03708	0.1833	0.2685	210000
	S[2,46]	0.1722	0.05175	0.03594	0.1767	0.2608	210000
	S[2,47]	0.1662	0.05036	0.03491	0.1703	0.2533	210000
	S[2,48]	0.1605	0.04901	0.0337	0.1642	0.246	210000
	S[2,49]	0.1549	0.0477	0.03232	0.1583	0.239	210000
	S[2,50]	0.1496	0.04643	0.03132	0.1526	0.2321	210000
	S[2,51]	0.1444	0.0452	0.03033	0.1471	0.2255	210000
	S[2,52]	0.1394	0.04401	0.02939	0.1418	0.2191	210000
	S[2,53]	0.1346	0.04285	0.02839	0.1367	0.2128	210000
	S[2,54]	0.13	0.04172	0.02746	0.1319	0.2068	210000
	S[2,55]	0.1255	0.04063	0.02624	0.1271	0.2009	210000
	S[2,56]	0.1212	0.03957	0.02542	0.1226	0.1952	210000
	S[2,57]	0.117	0.03854	0.02452	0.1182	0.1896	210000
	S[2,58]	0.113	0.03753	0.02366	0.1139	0.1842	210000
	S[2,59]	0.1091	0.03656	0.02299	0.1099	0.1789	210000
	S[2,60]	0.1053	0.03561	0.02217	0.1059	0.1738	210000
	S[2,61]	0.1017	0.03469	0.02142	0.1022	0.1689	210000
	S[2,62]	0.09824	0.03379	0.02067	0.0985	0.1641	210000
	S[2,63]	0.09487	0.03292	0.01996	0.09497	0.1594	210000
	S[2,64]	0.09162	0.03207	0.01927	0.09158	0.1549	210000
	S[2,65]	0.08848	0.03124	0.01862	0.08833	0.1505	210000
	S[2,66]	0.08545	0.03044	0.01797	0.08517	0.1462	210000
	S[2,67]	0.08252	0.02965	0.01741	0.08212	0.1421	210000
	S[2,68]	0.0797	0.02889	0.01682	0.0792	0.138	210000
	S[2,69]	0.07698	0.02815	0.01622	0.07637	0.1341	210000
	S[2,70]	0.07435	0.02743	0.01567	0.07365	0.1303	210000
	S[2,71]	0.07181	0.02672	0.01513	0.07103	0.1266	210000
	S[2,72]	0.06936	0.02604	0.01461	0.0685	0.123	210000
	S[2,73]	0.06699	0.02537	0.01412	0.06606	0.1195	210000
	S[2,74]	0.06471	0.02472	0.01364	0.06371	0.1161	210000
	S[2,75]	0.0625	0.02409	0.01315	0.06145	0.1129	210000
	S[2,76]	0.06037	0.02347	0.01269	0.05927	0.1097	210000
	S[2,77]	0.05832	0.02287	0.01224	0.05717	0.1066	210000
	S[2,78]	0.05634	0.02228	0.01183	0.05514	0.1036	210000
	S[2,79]	0.05442	0.02171	0.0114	0.05318	0.1007	210000
	S[2,80]	0.05257	0.02115	0.01097	0.05129	0.09784	210000
	S[2,81]	0.05079	0.02061	0.01059	0.04946	0.09509	210000
	S[2,82]	0.04906	0.02008	0.0102	0.0477	0.09239	210000
	S[2,83]	0.0474	0.01957	0.009858	0.046	0.0898	210000
	S[2,84]	0.04579	0.01907	0.009517	0.04436	0.08727	210000
	S[2,85]	0.04424	0.01858	0.009159	0.04279	0.0848	210000
	S[2,86]	0.04274	0.0181	0.008813	0.04127	0.08239	210000
	S[2,87]	0.04129	0.01764	0.008501	0.0398	0.08007	210000
	S[2,88]	0.0399	0.01718	0.008195	0.03839	0.07783	210000
	S[2,89]	0.03855	0.01674	0.007904	0.03702	0.07562	210000
	S[2,90]	0.03724	0.01631	0.00761	0.03571	0.07353	210000
	S[2,91]	0.03598	0.01589	0.007327	0.03444	0.07144	210000
	S[2,92]	0.03477	0.01548	0.007054	0.03321	0.06944	210000
	S[2,93]	0.0336	0.01509	0.006797	0.03204	0.06749	210000
	S[2,94]	0.03246	0.0147	0.006523	0.0309	0.06557	210000
	S[2,95]	0.03137	0.01432	0.00628	0.02981	0.06375	210000
	S[2,96]	0.03031	0.01395	0.006024	0.02875	0.06194	210000
	S[2,97]	0.02929	0.01359	0.005769	0.02773	0.06019	210000
	S[2,98]	0.02831	0.01324	0.005544	0.02675	0.05849	210000
	S[2,99]	0.02735	0.0129	0.005338	0.0258	0.05685	210000
	S[2,100]	0.02643	0.01257	0.005107	0.02489	0.05525	210000
	S[2,101]	0.02555	0.01224	0.004894	0.02401	0.05371	210000
	S[2,102]	0.02469	0.01192	0.004693	0.02316	0.05221	210000
	S[2,103]	0.02386	0.01162	0.004516	0.02233	0.05073	210000
	S[2,104]	0.02306	0.01132	0.004348	0.02154	0.0493	210000
	S[2,105]	0.02228	0.01102	0.004168	0.02077	0.04793	210000
	S[2,106]	0.02154	0.01074	0.003977	0.02004	0.04658	210000
	S[2,107]	0.02082	0.01046	0.003816	0.01933	0.04529	210000
	S[2,108]	0.02012	0.01019	0.003652	0.01865	0.04403	210000
	S[2,109]	0.01945	0.009924	0.003499	0.01799	0.0428	210000
	S[2,110]	0.0188	0.009666	0.003356	0.01735	0.04162	210000
	S[2,111]	0.01817	0.009415	0.003207	0.01674	0.04047	210000
	S[2,112]	0.01756	0.00917	0.003063	0.01615	0.03934	210000
	S[2,113]	0.01697	0.008932	0.002926	0.01558	0.03824	210000
	S[2,114]	0.01641	0.0087	0.00279	0.01502	0.03717	210000
	S[2,115]	0.01586	0.008473	0.002652	0.01449	0.03614	210000
	S[2,116]	0.01533	0.008252	0.002526	0.01397	0.03513	210000
	S[2,117]	0.01482	0.008037	0.002414	0.01348	0.03416	210000
	S[2,118]	0.01433	0.007828	0.002304	0.013	0.03321	210000
	S[2,119]	0.01385	0.007624	0.002198	0.01254	0.03229	210000
	S[2,120]	0.01339	0.007425	0.002092	0.0121	0.03139	210000
	S[3,1]	0.9297	0.1206	0.5559	0.9742	0.9989	210000
	S[3,2]	0.9044	0.1227	0.5284	0.9481	0.9861	210000
	S[3,3]	0.8803	0.1212	0.5093	0.9224	0.9666	210000
	S[3,4]	0.8566	0.1188	0.4946	0.8971	0.9449	210000
	S[3,5]	0.8336	0.116	0.481	0.8723	0.9228	210000
	S[3,6]	0.8111	0.113	0.4683	0.848	0.901	210000
	S[3,7]	0.7891	0.1101	0.4561	0.8241	0.8798	210000
	S[3,8]	0.7678	0.1072	0.4452	0.8008	0.859	210000
	S[3,9]	0.747	0.1044	0.4347	0.7781	0.839	210000
	S[3,10]	0.7267	0.1017	0.4235	0.756	0.8196	210000
	S[3,11]	0.7071	0.09918	0.4126	0.7346	0.8006	210000
	S[3,12]	0.6879	0.09672	0.4022	0.7138	0.7823	210000
	S[3,13]	0.6693	0.09437	0.3925	0.6936	0.7645	210000
	S[3,14]	0.6512	0.09213	0.3819	0.6739	0.7473	210000
	S[3,15]	0.6336	0.08999	0.3719	0.6548	0.7304	210000
	S[3,16]	0.6164	0.08796	0.3627	0.6364	0.7139	210000
	S[3,17]	0.5998	0.08603	0.3532	0.6184	0.6979	210000
	S[3,18]	0.5835	0.08418	0.3449	0.601	0.6824	210000
	S[3,19]	0.5678	0.08243	0.3352	0.5841	0.6673	210000
	S[3,20]	0.5525	0.08075	0.3269	0.5678	0.6525	210000
	S[3,21]	0.5375	0.07915	0.3184	0.5519	0.638	210000
	S[3,22]	0.523	0.07763	0.3104	0.5364	0.624	210000
	S[3,23]	0.5089	0.07617	0.3031	0.5215	0.6103	210000
	S[3,24]	0.4952	0.07477	0.2954	0.5069	0.5968	210000
	S[3,25]	0.4819	0.07343	0.2875	0.4929	0.5837	210000
	S[3,26]	0.4689	0.07215	0.2803	0.4792	0.571	210000
	S[3,27]	0.4563	0.07092	0.2731	0.4659	0.5586	210000
	S[3,28]	0.444	0.06973	0.2658	0.453	0.5465	210000
	S[3,29]	0.4321	0.06859	0.2588	0.4405	0.5346	210000
	S[3,30]	0.4205	0.06748	0.2522	0.4284	0.523	210000
	S[3,31]	0.4092	0.06642	0.2451	0.4165	0.5117	210000
	S[3,32]	0.3982	0.06538	0.2388	0.405	0.5006	210000
	S[3,33]	0.3875	0.06438	0.2327	0.3938	0.4897	210000
	S[3,34]	0.3771	0.06341	0.2265	0.383	0.4791	210000
	S[3,35]	0.367	0.06247	0.2205	0.3724	0.4688	210000
	S[3,36]	0.3572	0.06155	0.2145	0.3622	0.4587	210000
	S[3,37]	0.3476	0.06066	0.2082	0.3523	0.4488	210000
	S[3,38]	0.3383	0.05978	0.2024	0.3426	0.4392	210000
	S[3,39]	0.3292	0.05893	0.197	0.3332	0.4297	210000
	S[3,40]	0.3204	0.05809	0.1915	0.3241	0.4205	210000
	S[3,41]	0.3119	0.05727	0.1858	0.3152	0.4114	210000
	S[3,42]	0.3035	0.05647	0.1805	0.3066	0.4026	210000
	S[3,43]	0.2954	0.05568	0.1754	0.2981	0.3942	210000
	S[3,44]	0.2876	0.05491	0.1701	0.29	0.3857	210000
	S[3,45]	0.2799	0.05415	0.165	0.2821	0.3775	210000
	S[3,46]	0.2724	0.0534	0.1601	0.2744	0.3695	210000
	S[3,47]	0.2652	0.05266	0.1551	0.2669	0.3616	210000
	S[3,48]	0.2581	0.05193	0.1503	0.2596	0.3539	210000
	S[3,49]	0.2512	0.05122	0.1456	0.2525	0.3465	210000
	S[3,50]	0.2446	0.05051	0.1412	0.2456	0.3391	210000
	S[3,51]	0.2381	0.04981	0.1369	0.2389	0.3319	210000
	S[3,52]	0.2317	0.04912	0.1324	0.2324	0.3248	210000
	S[3,53]	0.2256	0.04844	0.1279	0.2261	0.3179	210000
	S[3,54]	0.2196	0.04776	0.124	0.2199	0.3113	210000
	S[3,55]	0.2138	0.0471	0.1202	0.2139	0.3046	210000
	S[3,56]	0.2081	0.04644	0.1163	0.2081	0.2982	210000
	S[3,57]	0.2026	0.04579	0.1126	0.2024	0.2919	210000
	S[3,58]	0.1972	0.04514	0.1089	0.1969	0.2857	210000
	S[3,59]	0.192	0.0445	0.1054	0.1916	0.2797	210000
	S[3,60]	0.1869	0.04387	0.1018	0.1864	0.2738	210000
	S[3,61]	0.182	0.04325	0.0984	0.1813	0.268	210000
	S[3,62]	0.1771	0.04263	0.09519	0.1764	0.2623	210000
	S[3,63]	0.1725	0.04202	0.0921	0.1716	0.2567	210000
	S[3,64]	0.1679	0.04141	0.08916	0.1669	0.2513	210000
	S[3,65]	0.1635	0.04081	0.08632	0.1624	0.246	210000
	S[3,66]	0.1592	0.04021	0.08351	0.158	0.2408	210000
	S[3,67]	0.155	0.03962	0.08069	0.1537	0.2357	210000
	S[3,68]	0.1509	0.03904	0.07799	0.1495	0.2307	210000
	S[3,69]	0.1469	0.03847	0.07535	0.1454	0.2258	210000
	S[3,70]	0.143	0.03789	0.07284	0.1415	0.2211	210000
	S[3,71]	0.1393	0.03733	0.07043	0.1377	0.2164	210000
	S[3,72]	0.1356	0.03677	0.06813	0.1339	0.2119	210000
	S[3,73]	0.132	0.03622	0.06586	0.1303	0.2074	210000
	S[3,74]	0.1286	0.03567	0.06365	0.1267	0.2031	210000
	S[3,75]	0.1252	0.03513	0.06154	0.1233	0.1988	210000
	S[3,76]	0.1219	0.03459	0.05947	0.12	0.1946	210000
	S[3,77]	0.1187	0.03406	0.05744	0.1167	0.1905	210000
	S[3,78]	0.1156	0.03354	0.05551	0.1135	0.1865	210000
	S[3,79]	0.1126	0.03302	0.05366	0.1105	0.1825	210000
	S[3,80]	0.1096	0.0325	0.05186	0.1075	0.1787	210000
	S[3,81]	0.1067	0.032	0.05009	0.1046	0.1749	210000
	S[3,82]	0.1039	0.03149	0.04842	0.1018	0.1713	210000
	S[3,83]	0.1012	0.031	0.04677	0.099	0.1677	210000
	S[3,84]	0.09858	0.03051	0.04515	0.09632	0.1642	210000
	S[3,85]	0.096	0.03002	0.04358	0.09371	0.1608	210000
	S[3,86]	0.09349	0.02954	0.04208	0.09118	0.1574	210000
	S[3,87]	0.09105	0.02907	0.04065	0.0887	0.1541	210000
	S[3,88]	0.08868	0.0286	0.03927	0.0863	0.1508	210000
	S[3,89]	0.08636	0.02814	0.03788	0.08396	0.1477	210000
	S[3,90]	0.08411	0.02769	0.0366	0.0817	0.1446	210000
	S[3,91]	0.08192	0.02724	0.03537	0.07948	0.1415	210000
	S[3,92]	0.07979	0.02679	0.03418	0.07733	0.1385	210000
	S[3,93]	0.07771	0.02635	0.033	0.07525	0.1356	210000
	S[3,94]	0.07569	0.02592	0.03189	0.07321	0.1327	210000
	S[3,95]	0.07372	0.02549	0.0308	0.07123	0.1299	210000
	S[3,96]	0.0718	0.02507	0.02975	0.06931	0.1272	210000
	S[3,97]	0.06994	0.02465	0.02871	0.06743	0.1245	210000
	S[3,98]	0.06812	0.02424	0.02772	0.0656	0.1219	210000
	S[3,99]	0.06635	0.02383	0.02677	0.06383	0.1194	210000
	S[3,100]	0.06463	0.02343	0.02584	0.06211	0.1169	210000
	S[3,101]	0.06295	0.02304	0.02493	0.06044	0.1145	210000
	S[3,102]	0.06132	0.02265	0.0241	0.05881	0.1121	210000
	S[3,103]	0.05973	0.02227	0.02325	0.05722	0.1098	210000
	S[3,104]	0.05819	0.02189	0.02247	0.05567	0.1075	210000
	S[3,105]	0.05668	0.02151	0.02171	0.05416	0.1052	210000
	S[3,106]	0.05521	0.02115	0.02097	0.0527	0.103	210000
	S[3,107]	0.05379	0.02078	0.02025	0.05128	0.1009	210000
	S[3,108]	0.0524	0.02043	0.01955	0.04988	0.09876	210000
	S[3,109]	0.05104	0.02007	0.01888	0.04853	0.09669	210000
	S[3,110]	0.04972	0.01973	0.01822	0.04723	0.09468	210000
	S[3,111]	0.04844	0.01938	0.01758	0.04596	0.09272	210000
	S[3,112]	0.04719	0.01905	0.01697	0.04472	0.09079	210000
	S[3,113]	0.04597	0.01871	0.01638	0.04351	0.0889	210000
	S[3,114]	0.04479	0.01839	0.0158	0.04234	0.08705	210000
	S[3,115]	0.04364	0.01806	0.01525	0.0412	0.08522	210000
	S[3,116]	0.04251	0.01775	0.01472	0.04008	0.08346	210000
	S[3,117]	0.04142	0.01743	0.01421	0.039	0.08171	210000
	S[3,118]	0.04035	0.01713	0.01372	0.03795	0.08001	210000
	S[3,119]	0.03932	0.01682	0.01324	0.03693	0.07836	210000
	S[3,120]	0.03831	0.01653	0.01278	0.03593	0.07675	210000
	S[4,1]	0.9373	0.1769	0.2244	0.997	1.002	210000
	S[4,2]	0.9176	0.1783	0.2093	0.9786	0.9956	210000
	S[4,3]	0.8937	0.1759	0.2012	0.9529	0.9815	210000
	S[4,4]	0.8676	0.1721	0.1929	0.9244	0.9613	210000
	S[4,5]	0.8408	0.1677	0.1855	0.8948	0.9384	210000
	S[4,6]	0.8139	0.1629	0.1789	0.8651	0.9148	210000
	S[4,7]	0.7874	0.1582	0.1729	0.8357	0.8908	210000
	S[4,8]	0.7614	0.1535	0.1675	0.807	0.8673	210000
	S[4,9]	0.7361	0.1489	0.1629	0.779	0.8443	210000
	S[4,10]	0.7114	0.1444	0.1578	0.7519	0.822	210000
	S[4,11]	0.6875	0.1402	0.1527	0.7255	0.8003	210000
	S[4,12]	0.6643	0.1361	0.1483	0.7001	0.7793	210000
	S[4,13]	0.6419	0.1322	0.1423	0.6755	0.7587	210000
	S[4,14]	0.6202	0.1285	0.1366	0.6518	0.7388	210000
	S[4,15]	0.5991	0.125	0.1324	0.6289	0.7196	210000
	S[4,16]	0.5788	0.1216	0.1286	0.607	0.7008	210000
	S[4,17]	0.5592	0.1184	0.1253	0.5857	0.6824	210000
	S[4,18]	0.5402	0.1153	0.1199	0.5651	0.6647	210000
	S[4,19]	0.5219	0.1124	0.1176	0.5452	0.6474	210000
	S[4,20]	0.5042	0.1096	0.1135	0.5261	0.6308	210000
	S[4,21]	0.4871	0.1069	0.11	0.5076	0.6144	210000
	S[4,22]	0.4706	0.1044	0.106	0.4898	0.5986	210000
	S[4,23]	0.4547	0.1019	0.1023	0.4727	0.5832	210000
	S[4,24]	0.4393	0.09956	0.09863	0.456	0.5681	210000
	S[4,25]	0.4244	0.09729	0.09592	0.4401	0.5536	210000
	S[4,26]	0.4101	0.09511	0.09274	0.4247	0.5394	210000
	S[4,27]	0.3962	0.093	0.08913	0.4099	0.5255	210000
	S[4,28]	0.3828	0.09097	0.08717	0.3956	0.512	210000
	S[4,29]	0.3699	0.08901	0.08457	0.3818	0.4989	210000
	S[4,30]	0.3574	0.08711	0.08224	0.3685	0.4861	210000
	S[4,31]	0.3454	0.08527	0.07917	0.3556	0.4738	210000
	S[4,32]	0.3337	0.08349	0.07656	0.3432	0.4617	210000
	S[4,33]	0.3225	0.08176	0.07415	0.3312	0.45	210000
	S[4,34]	0.3117	0.08007	0.07195	0.3198	0.4386	210000
	S[4,35]	0.3012	0.07843	0.06945	0.3086	0.4275	210000
	S[4,36]	0.2911	0.07684	0.06726	0.2978	0.4166	210000
	S[4,37]	0.2813	0.07528	0.06493	0.2874	0.4059	210000
	S[4,38]	0.2719	0.07376	0.06252	0.2775	0.3956	210000
	S[4,39]	0.2628	0.07228	0.06053	0.2679	0.3855	210000
	S[4,40]	0.254	0.07083	0.05881	0.2586	0.3757	210000
	S[4,41]	0.2455	0.06941	0.05703	0.2496	0.3661	210000
	S[4,42]	0.2373	0.06803	0.05537	0.241	0.3569	210000
	S[4,43]	0.2294	0.06667	0.05366	0.2326	0.3478	210000
	S[4,44]	0.2217	0.06534	0.05211	0.2246	0.339	210000
	S[4,45]	0.2143	0.06404	0.05042	0.2168	0.3304	210000
	S[4,46]	0.2072	0.06276	0.04893	0.2093	0.322	210000
	S[4,47]	0.2003	0.06151	0.0475	0.202	0.3139	210000
	S[4,48]	0.1936	0.06028	0.04594	0.195	0.3061	210000
	S[4,49]	0.1872	0.05907	0.0445	0.1883	0.2984	210000
	S[4,50]	0.181	0.05789	0.043	0.1818	0.2909	210000
	S[4,51]	0.175	0.05673	0.04176	0.1755	0.2835	210000
	S[4,52]	0.1692	0.05559	0.04031	0.1694	0.2764	210000
	S[4,53]	0.1636	0.05447	0.03912	0.1635	0.2694	210000
	S[4,54]	0.1582	0.05337	0.03786	0.1579	0.2626	210000
	S[4,55]	0.153	0.05229	0.03661	0.1524	0.256	210000
	S[4,56]	0.1479	0.05123	0.03539	0.1471	0.2494	210000
	S[4,57]	0.143	0.05019	0.03419	0.142	0.2432	210000
	S[4,58]	0.1383	0.04917	0.03299	0.1371	0.237	210000
	S[4,59]	0.1338	0.04816	0.03171	0.1324	0.231	210000
	S[4,60]	0.1294	0.04717	0.03052	0.1279	0.2252	210000
	S[4,61]	0.1251	0.0462	0.02936	0.1234	0.2196	210000
	S[4,62]	0.121	0.04525	0.02829	0.1192	0.2141	210000
	S[4,63]	0.117	0.04432	0.02716	0.1151	0.2087	210000
	S[4,64]	0.1132	0.0434	0.02618	0.1111	0.2035	210000
	S[4,65]	0.1095	0.0425	0.02521	0.1073	0.1983	210000
	S[4,66]	0.1059	0.04161	0.02422	0.1036	0.1933	210000
	S[4,67]	0.1025	0.04074	0.02324	0.1	0.1885	210000
	S[4,68]	0.09911	0.03988	0.02232	0.09657	0.1838	210000
	S[4,69]	0.09588	0.03905	0.02143	0.09324	0.1792	210000
	S[4,70]	0.09275	0.03822	0.02058	0.09004	0.1747	210000
	S[4,71]	0.08973	0.03741	0.01972	0.08694	0.1703	210000
	S[4,72]	0.08681	0.03662	0.01891	0.08393	0.166	210000
	S[4,73]	0.08398	0.03584	0.01811	0.08105	0.1619	210000
	S[4,74]	0.08126	0.03508	0.01735	0.07826	0.1579	210000
	S[4,75]	0.07862	0.03433	0.01659	0.07556	0.154	210000
	S[4,76]	0.07607	0.03359	0.01588	0.07298	0.1501	210000
	S[4,77]	0.0736	0.03287	0.01522	0.07047	0.1464	210000
	S[4,78]	0.07122	0.03216	0.01452	0.06804	0.1427	210000
	S[4,79]	0.06892	0.03146	0.01394	0.0657	0.1392	210000
	S[4,80]	0.06669	0.03078	0.01337	0.06345	0.1357	210000
	S[4,81]	0.06453	0.03011	0.01281	0.06126	0.1322	210000
	S[4,82]	0.06245	0.02946	0.0122	0.05914	0.1289	210000
	S[4,83]	0.06044	0.02881	0.01164	0.05711	0.1257	210000
	S[4,84]	0.05849	0.02818	0.01111	0.05514	0.1226	210000
	S[4,85]	0.05661	0.02757	0.01062	0.05324	0.1196	210000
	S[4,86]	0.05479	0.02696	0.01015	0.05141	0.1166	210000
	S[4,87]	0.05303	0.02637	0.00972	0.04964	0.1136	210000
	S[4,88]	0.05133	0.02578	0.009273	0.04793	0.1108	210000
	S[4,89]	0.04968	0.02521	0.008861	0.04629	0.108	210000
	S[4,90]	0.04809	0.02466	0.008435	0.04469	0.1053	210000
	S[4,91]	0.04655	0.02411	0.008038	0.04316	0.1027	210000
	S[4,92]	0.04506	0.02357	0.007719	0.04167	0.1001	210000
	S[4,93]	0.04362	0.02305	0.007368	0.04023	0.09763	210000
	S[4,94]	0.04223	0.02253	0.007027	0.03885	0.09519	210000
	S[4,95]	0.04088	0.02203	0.006692	0.03752	0.09282	210000
	S[4,96]	0.03957	0.02153	0.00638	0.03624	0.09051	210000
	S[4,97]	0.03831	0.02105	0.006081	0.03499	0.08824	210000
	S[4,98]	0.03709	0.02058	0.005785	0.03379	0.08605	210000
	S[4,99]	0.03591	0.02011	0.005512	0.03262	0.08391	210000
	S[4,100]	0.03477	0.01966	0.005245	0.03151	0.08181	210000
	S[4,101]	0.03367	0.01921	0.00497	0.03043	0.07977	210000
	S[4,102]	0.0326	0.01878	0.004719	0.02938	0.07777	210000
	S[4,103]	0.03157	0.01835	0.004497	0.02837	0.07584	210000
	S[4,104]	0.03057	0.01794	0.004283	0.0274	0.07395	210000
	S[4,105]	0.0296	0.01753	0.004094	0.02646	0.07209	210000
	S[4,106]	0.02866	0.01713	0.003882	0.02555	0.0703	210000
	S[4,107]	0.02776	0.01674	0.003702	0.02467	0.06856	210000
	S[4,108]	0.02688	0.01636	0.003516	0.02382	0.06684	210000
	S[4,109]	0.02604	0.01598	0.003342	0.02301	0.06519	210000
	S[4,110]	0.02521	0.01562	0.003178	0.02222	0.06356	210000
	S[4,111]	0.02442	0.01526	0.00303	0.02146	0.06198	210000
	S[4,112]	0.02365	0.01491	0.002864	0.02072	0.06044	210000
	S[4,113]	0.02291	0.01457	0.002706	0.02001	0.05893	210000
	S[4,114]	0.02219	0.01423	0.002568	0.01932	0.05745	210000
	S[4,115]	0.02149	0.0139	0.002431	0.01866	0.05602	210000
	S[4,116]	0.02082	0.01358	0.002292	0.01802	0.05463	210000
	S[4,117]	0.02017	0.01327	0.002187	0.0174	0.05329	210000
	S[4,118]	0.01954	0.01296	0.00208	0.0168	0.05197	210000
	S[4,119]	0.01892	0.01266	0.001971	0.01623	0.05067	210000
	S[4,120]	0.01833	0.01237	0.001861	0.01567	0.04943	210000
	S[5,1]	0.9998	0.004561	0.9977	1.0	1.002	210000
	S[5,2]	0.9959	0.00607	0.987	0.9969	1.001	210000
	S[5,3]	0.9846	0.008414	0.9683	0.9861	0.9936	210000
	S[5,4]	0.9677	0.01069	0.9454	0.9692	0.9817	210000
	S[5,5]	0.9474	0.01281	0.9203	0.949	0.9663	210000
	S[5,6]	0.9253	0.01494	0.8936	0.9268	0.9489	210000
	S[5,7]	0.9023	0.01718	0.8658	0.9037	0.9306	210000
	S[5,8]	0.8788	0.01954	0.8374	0.8802	0.912	210000
	S[5,9]	0.8552	0.02199	0.8087	0.8567	0.8935	210000
	S[5,10]	0.8318	0.02448	0.7803	0.8332	0.875	210000
	S[5,11]	0.8087	0.02697	0.752	0.8102	0.8568	210000
	S[5,12]	0.786	0.02943	0.7243	0.7874	0.8389	210000
	S[5,13]	0.7637	0.03182	0.6973	0.7652	0.8213	210000
	S[5,14]	0.7419	0.03413	0.6709	0.7434	0.8041	210000
	S[5,15]	0.7207	0.03634	0.6452	0.7222	0.787	210000
	S[5,16]	0.6999	0.03843	0.6202	0.7014	0.7703	210000
	S[5,17]	0.6797	0.04042	0.596	0.6812	0.754	210000
	S[5,18]	0.66	0.04228	0.5726	0.6615	0.738	210000
	S[5,19]	0.6408	0.04403	0.5501	0.6424	0.7223	210000
	S[5,20]	0.6222	0.04566	0.5284	0.6237	0.7069	210000
	S[5,21]	0.6041	0.04717	0.5074	0.6055	0.6919	210000
	S[5,22]	0.5865	0.04857	0.4871	0.5878	0.6773	210000
	S[5,23]	0.5694	0.04986	0.4678	0.5706	0.6629	210000
	S[5,24]	0.5527	0.05104	0.4491	0.5539	0.6488	210000
	S[5,25]	0.5366	0.05211	0.4311	0.5377	0.635	210000
	S[5,26]	0.5209	0.05308	0.414	0.5219	0.6215	210000
	S[5,27]	0.5057	0.05396	0.3974	0.5066	0.6083	210000
	S[5,28]	0.4909	0.05474	0.3815	0.4917	0.5954	210000
	S[5,29]	0.4766	0.05544	0.3662	0.4772	0.5828	210000
	S[5,30]	0.4627	0.05605	0.3515	0.4631	0.5703	210000
	S[5,31]	0.4491	0.05658	0.3373	0.4495	0.5582	210000
	S[5,32]	0.436	0.05703	0.3237	0.4362	0.5463	210000
	S[5,33]	0.4233	0.05741	0.3106	0.4233	0.5348	210000
	S[5,34]	0.4109	0.05773	0.2979	0.4108	0.5234	210000
	S[5,35]	0.399	0.05797	0.286	0.3987	0.5123	210000
	S[5,36]	0.3873	0.05816	0.2743	0.3869	0.5014	210000
	S[5,37]	0.376	0.05828	0.2631	0.3755	0.4907	210000
	S[5,38]	0.3651	0.05835	0.2525	0.3644	0.4803	210000
	S[5,39]	0.3544	0.05837	0.2422	0.3536	0.4701	210000
	S[5,40]	0.3441	0.05833	0.2323	0.3431	0.4601	210000
	S[5,41]	0.3341	0.05825	0.2229	0.333	0.4503	210000
	S[5,42]	0.3244	0.05813	0.2138	0.3231	0.4407	210000
	S[5,43]	0.315	0.05797	0.2051	0.3135	0.4313	210000
	S[5,44]	0.3058	0.05776	0.1968	0.3043	0.4222	210000
	S[5,45]	0.297	0.05753	0.1887	0.2953	0.4132	210000
	S[5,46]	0.2883	0.05725	0.1811	0.2865	0.4044	210000
	S[5,47]	0.28	0.05695	0.1737	0.278	0.3958	210000
	S[5,48]	0.2719	0.05662	0.1666	0.2698	0.3874	210000
	S[5,49]	0.264	0.05625	0.1598	0.2618	0.3791	210000
	S[5,50]	0.2564	0.05587	0.1533	0.254	0.3711	210000
	S[5,51]	0.249	0.05546	0.1471	0.2465	0.3632	210000
	S[5,52]	0.2418	0.05503	0.1411	0.2392	0.3554	210000
	S[5,53]	0.2348	0.05457	0.1353	0.2321	0.3478	210000
	S[5,54]	0.228	0.0541	0.1298	0.2252	0.3405	210000
	S[5,55]	0.2214	0.05361	0.1245	0.2185	0.3332	210000
	S[5,56]	0.2151	0.05311	0.1194	0.212	0.3262	210000
	S[5,57]	0.2089	0.05259	0.1145	0.2057	0.3192	210000
	S[5,58]	0.2029	0.05206	0.1099	0.1996	0.3124	210000
	S[5,59]	0.197	0.05152	0.1053	0.1937	0.3058	210000
	S[5,60]	0.1914	0.05096	0.101	0.188	0.2993	210000
	S[5,61]	0.1859	0.0504	0.09686	0.1824	0.2929	210000
	S[5,62]	0.1806	0.04983	0.09288	0.177	0.2867	210000
	S[5,63]	0.1754	0.04925	0.08908	0.1717	0.2806	210000
	S[5,64]	0.1704	0.04866	0.08544	0.1666	0.2746	210000
	S[5,65]	0.1655	0.04807	0.08196	0.1617	0.2688	210000
	S[5,66]	0.1607	0.04748	0.07862	0.1569	0.263	210000
	S[5,67]	0.1562	0.04688	0.0754	0.1522	0.2574	210000
	S[5,68]	0.1517	0.04627	0.07234	0.1477	0.2519	210000
	S[5,69]	0.1474	0.04567	0.06937	0.1433	0.2466	210000
	S[5,70]	0.1432	0.04506	0.06655	0.139	0.2413	210000
	S[5,71]	0.1391	0.04445	0.0638	0.1349	0.2362	210000
	S[5,72]	0.1351	0.04384	0.06115	0.1309	0.2312	210000
	S[5,73]	0.1313	0.04323	0.05864	0.127	0.2263	210000
	S[5,74]	0.1275	0.04262	0.05624	0.1233	0.2215	210000
	S[5,75]	0.1239	0.04201	0.05395	0.1196	0.2168	210000
	S[5,76]	0.1204	0.0414	0.05176	0.116	0.2122	210000
	S[5,77]	0.117	0.0408	0.04964	0.1126	0.2077	210000
	S[5,78]	0.1137	0.0402	0.04761	0.1093	0.2033	210000
	S[5,79]	0.1105	0.03959	0.04567	0.106	0.1989	210000
	S[5,80]	0.1073	0.039	0.04378	0.1029	0.1947	210000
	S[5,81]	0.1043	0.0384	0.04201	0.09981	0.1906	210000
	S[5,82]	0.1013	0.03781	0.04029	0.09684	0.1865	210000
	S[5,83]	0.09849	0.03722	0.03864	0.09397	0.1826	210000
	S[5,84]	0.09571	0.03664	0.03706	0.09117	0.1786	210000
	S[5,85]	0.09301	0.03606	0.03555	0.08846	0.1748	210000
	S[5,86]	0.09039	0.03549	0.03408	0.08583	0.1711	210000
	S[5,87]	0.08785	0.03492	0.03268	0.08327	0.1675	210000
	S[5,88]	0.08537	0.03435	0.03135	0.08079	0.1639	210000
	S[5,89]	0.08297	0.0338	0.03006	0.07839	0.1605	210000
	S[5,90]	0.08064	0.03324	0.02884	0.07605	0.1571	210000
	S[5,91]	0.07838	0.03269	0.02765	0.07379	0.1537	210000
	S[5,92]	0.07618	0.03215	0.02651	0.07159	0.1505	210000
	S[5,93]	0.07405	0.03161	0.02542	0.06946	0.1473	210000
	S[5,94]	0.07197	0.03108	0.02438	0.06739	0.1441	210000
	S[5,95]	0.06996	0.03056	0.02338	0.06539	0.141	210000
	S[5,96]	0.068	0.03004	0.02242	0.06344	0.1381	210000
	S[5,97]	0.0661	0.02953	0.02151	0.06156	0.1352	210000
	S[5,98]	0.06426	0.02902	0.02062	0.05972	0.1323	210000
	S[5,99]	0.06247	0.02852	0.01978	0.05794	0.1295	210000
	S[5,100]	0.06072	0.02802	0.01895	0.05622	0.1267	210000
	S[5,101]	0.05903	0.02754	0.01818	0.05455	0.124	210000
	S[5,102]	0.05739	0.02705	0.01743	0.05293	0.1214	210000
	S[5,103]	0.05579	0.02658	0.01672	0.05136	0.1188	210000
	S[5,104]	0.05424	0.02611	0.01604	0.04984	0.1162	210000
	S[5,105]	0.05274	0.02565	0.01538	0.04836	0.1138	210000
	S[5,106]	0.05127	0.02519	0.01474	0.04692	0.1114	210000
	S[5,107]	0.04985	0.02474	0.01414	0.04553	0.109	210000
	S[5,108]	0.04847	0.0243	0.01356	0.04417	0.1067	210000
	S[5,109]	0.04713	0.02386	0.013	0.04286	0.1044	210000
	S[5,110]	0.04582	0.02343	0.01246	0.04158	0.1022	210000
	S[5,111]	0.04456	0.02301	0.01195	0.04035	0.1	210000
	S[5,112]	0.04333	0.02259	0.01145	0.03915	0.09789	210000
	S[5,113]	0.04213	0.02218	0.01097	0.03799	0.0958	210000
	S[5,114]	0.04097	0.02177	0.01052	0.03686	0.09375	210000
	S[5,115]	0.03984	0.02137	0.01009	0.03576	0.09176	210000
	S[5,116]	0.03874	0.02098	0.009661	0.0347	0.08983	210000
	S[5,117]	0.03767	0.02059	0.009245	0.03367	0.08791	210000
	S[5,118]	0.03664	0.02021	0.008853	0.03267	0.08605	210000
	S[5,119]	0.03563	0.01984	0.008481	0.0317	0.08422	210000
	S[5,120]	0.03465	0.01947	0.008128	0.03076	0.08243	210000
	S[6,1]	1.0	1.354E-4	0.9978	1.0	1.002	210000
	S[6,2]	0.995	0.002394	0.9887	0.9954	0.9994	210000
	S[6,3]	0.979	0.00547	0.9663	0.9797	0.9881	210000
	S[6,4]	0.9551	0.008256	0.9368	0.9559	0.9694	210000
	S[6,5]	0.9267	0.01085	0.9033	0.9275	0.946	210000
	S[6,6]	0.896	0.01342	0.8675	0.8968	0.9202	210000
	S[6,7]	0.8644	0.01602	0.8305	0.8652	0.8935	210000
	S[6,8]	0.8325	0.01862	0.7935	0.8334	0.8666	210000
	S[6,9]	0.8009	0.02119	0.7568	0.8018	0.8399	210000
	S[6,10]	0.7699	0.02367	0.7208	0.7708	0.8137	210000
	S[6,11]	0.7397	0.02603	0.6859	0.7406	0.788	210000
	S[6,12]	0.7103	0.02826	0.6522	0.7112	0.7628	210000
	S[6,13]	0.6819	0.03032	0.6197	0.6828	0.7385	210000
	S[6,14]	0.6544	0.03223	0.5886	0.6553	0.7148	210000
	S[6,15]	0.6278	0.03397	0.5588	0.6287	0.6916	210000
	S[6,16]	0.6023	0.03555	0.5303	0.6031	0.6693	210000
	S[6,17]	0.5777	0.03696	0.5031	0.5785	0.6475	210000
	S[6,18]	0.554	0.03821	0.4771	0.5548	0.6265	210000
	S[6,19]	0.5313	0.03932	0.4523	0.532	0.6061	210000
	S[6,20]	0.5094	0.04028	0.4289	0.51	0.5862	210000
	S[6,21]	0.4885	0.0411	0.4066	0.4889	0.5671	210000
	S[6,22]	0.4683	0.0418	0.3853	0.4687	0.5485	210000
	S[6,23]	0.449	0.04237	0.3652	0.4493	0.5306	210000
	S[6,24]	0.4305	0.04283	0.3461	0.4306	0.5133	210000
	S[6,25]	0.4127	0.04319	0.328	0.4128	0.4965	210000
	S[6,26]	0.3956	0.04344	0.3107	0.3956	0.4802	210000
	S[6,27]	0.3793	0.0436	0.2944	0.3791	0.4645	210000
	S[6,28]	0.3636	0.04368	0.2789	0.3633	0.4493	210000
	S[6,29]	0.3485	0.04368	0.2642	0.3482	0.4346	210000
	S[6,30]	0.3341	0.04361	0.2502	0.3337	0.4203	210000
	S[6,31]	0.3203	0.04346	0.237	0.3198	0.4066	210000
	S[6,32]	0.3071	0.04326	0.2244	0.3064	0.3932	210000
	S[6,33]	0.2944	0.043	0.2125	0.2936	0.3803	210000
	S[6,34]	0.2822	0.04269	0.2013	0.2813	0.3678	210000
	S[6,35]	0.2705	0.04234	0.1906	0.2696	0.3557	210000
	S[6,36]	0.2594	0.04194	0.1805	0.2583	0.344	210000
	S[6,37]	0.2486	0.0415	0.1709	0.2475	0.3327	210000
	S[6,38]	0.2384	0.04103	0.1618	0.2371	0.3218	210000
	S[6,39]	0.2285	0.04053	0.1533	0.2272	0.3112	210000
	S[6,40]	0.2191	0.04	0.1451	0.2177	0.301	210000
	S[6,41]	0.2101	0.03944	0.1374	0.2085	0.2911	210000
	S[6,42]	0.2014	0.03887	0.1301	0.1998	0.2816	210000
	S[6,43]	0.1931	0.03828	0.1232	0.1914	0.2722	210000
	S[6,44]	0.1851	0.03767	0.1166	0.1834	0.2633	210000
	S[6,45]	0.1775	0.03704	0.1104	0.1757	0.2547	210000
	S[6,46]	0.1702	0.03641	0.1045	0.1683	0.2463	210000
	S[6,47]	0.1632	0.03576	0.09898	0.1613	0.2382	210000
	S[6,48]	0.1565	0.03511	0.09372	0.1545	0.2304	210000
	S[6,49]	0.1501	0.03445	0.08873	0.148	0.2228	210000
	S[6,50]	0.1439	0.03379	0.08399	0.1418	0.2155	210000
	S[6,51]	0.138	0.03313	0.07952	0.1359	0.2084	210000
	S[6,52]	0.1323	0.03246	0.07529	0.1301	0.2015	210000
	S[6,53]	0.1269	0.03179	0.07125	0.1247	0.1949	210000
	S[6,54]	0.1217	0.03113	0.06745	0.1194	0.1885	210000
	S[6,55]	0.1167	0.03047	0.06385	0.1144	0.1823	210000
	S[6,56]	0.1119	0.02981	0.06046	0.1096	0.1763	210000
	S[6,57]	0.1073	0.02915	0.05724	0.105	0.1705	210000
	S[6,58]	0.103	0.0285	0.05414	0.1006	0.1649	210000
	S[6,59]	0.09875	0.02785	0.05128	0.09635	0.1595	210000
	S[6,60]	0.09471	0.02721	0.04853	0.0923	0.1542	210000
	S[6,61]	0.09084	0.02658	0.04594	0.08842	0.1491	210000
	S[6,62]	0.08714	0.02595	0.04348	0.0847	0.1442	210000
	S[6,63]	0.08358	0.02534	0.04116	0.08114	0.1395	210000
	S[6,64]	0.08017	0.02473	0.03896	0.07773	0.1349	210000
	S[6,65]	0.07691	0.02413	0.03687	0.07446	0.1304	210000
	S[6,66]	0.07377	0.02353	0.03489	0.07132	0.1261	210000
	S[6,67]	0.07077	0.02295	0.03302	0.06833	0.122	210000
	S[6,68]	0.06789	0.02238	0.03126	0.06545	0.1179	210000
	S[6,69]	0.06513	0.02181	0.02959	0.0627	0.114	210000
	S[6,70]	0.06249	0.02126	0.02802	0.06006	0.1103	210000
	S[6,71]	0.05995	0.02071	0.02652	0.05753	0.1066	210000
	S[6,72]	0.05751	0.02018	0.02509	0.05511	0.1031	210000
	S[6,73]	0.05518	0.01965	0.02373	0.05279	0.09973	210000
	S[6,74]	0.05294	0.01914	0.02246	0.05057	0.09647	210000
	S[6,75]	0.0508	0.01863	0.02126	0.04844	0.0933	210000
	S[6,76]	0.04874	0.01814	0.02011	0.0464	0.09022	210000
	S[6,77]	0.04677	0.01766	0.01903	0.04445	0.08725	210000
	S[6,78]	0.04488	0.01718	0.01799	0.04258	0.08438	210000
	S[6,79]	0.04306	0.01672	0.01703	0.04079	0.0816	210000
	S[6,80]	0.04133	0.01626	0.01612	0.03907	0.07891	210000
	S[6,81]	0.03966	0.01582	0.01526	0.03743	0.07631	210000
	S[6,82]	0.03806	0.01539	0.01443	0.03585	0.07379	210000
	S[6,83]	0.03652	0.01496	0.01366	0.03434	0.07138	210000
	S[6,84]	0.03505	0.01455	0.01293	0.03289	0.06903	210000
	S[6,85]	0.03364	0.01414	0.01223	0.03151	0.06676	210000
	S[6,86]	0.03228	0.01375	0.01156	0.03018	0.06455	210000
	S[6,87]	0.03099	0.01336	0.01094	0.02892	0.06243	210000
	S[6,88]	0.02974	0.01299	0.01035	0.0277	0.0604	210000
	S[6,89]	0.02855	0.01262	0.009786	0.02653	0.0584	210000
	S[6,90]	0.0274	0.01226	0.009262	0.02542	0.05648	210000
	S[6,91]	0.0263	0.01192	0.008758	0.02434	0.05462	210000
	S[6,92]	0.02524	0.01158	0.008287	0.02332	0.05282	210000
	S[6,93]	0.02423	0.01124	0.007824	0.02234	0.05109	210000
	S[6,94]	0.02326	0.01092	0.007395	0.0214	0.04941	210000
	S[6,95]	0.02233	0.01061	0.006981	0.02049	0.04779	210000
	S[6,96]	0.02144	0.0103	0.006599	0.01963	0.04622	210000
	S[6,97]	0.02058	0.01	0.006234	0.01881	0.0447	210000
	S[6,98]	0.01976	0.00971	0.005887	0.01801	0.04323	210000
	S[6,99]	0.01897	0.009427	0.005549	0.01726	0.04181	210000
	S[6,100]	0.01821	0.009152	0.005241	0.01653	0.04044	210000
	S[6,101]	0.01748	0.008884	0.004945	0.01583	0.03911	210000
	S[6,102]	0.01679	0.008623	0.004666	0.01516	0.03782	210000
	S[6,103]	0.01612	0.008369	0.004388	0.01452	0.03657	210000
	S[6,104]	0.01548	0.008122	0.004131	0.01391	0.03538	210000
	S[6,105]	0.01486	0.007882	0.003884	0.01333	0.03421	210000
	S[6,106]	0.01427	0.007649	0.003649	0.01276	0.03309	210000
	S[6,107]	0.0137	0.007421	0.003435	0.01223	0.032	210000
	S[6,108]	0.01316	0.007201	0.003221	0.01171	0.03095	210000
	S[6,109]	0.01264	0.006986	0.003025	0.01122	0.02994	210000
	S[6,110]	0.01213	0.006777	0.002833	0.01075	0.02895	210000
	S[6,111]	0.01165	0.006575	0.002637	0.01029	0.028	210000
	S[6,112]	0.01119	0.006378	0.002469	0.009861	0.02708	210000
	S[6,113]	0.01075	0.006186	0.002314	0.009445	0.02619	210000
	S[6,114]	0.01032	0.006	0.002154	0.009048	0.02534	210000
	S[6,115]	0.009914	0.005819	0.002	0.008667	0.02451	210000
	S[6,116]	0.009522	0.005644	0.00185	0.008302	0.02372	210000
	S[6,117]	0.009146	0.005473	0.001708	0.007952	0.02296	210000
	S[6,118]	0.008785	0.005308	0.001568	0.007618	0.02221	210000
	S[6,119]	0.008438	0.005147	0.001413	0.007298	0.02149	210000
	S[6,120]	0.008105	0.004991	0.001277	0.006991	0.02078	210000
	S[7,1]	1.0	0.001626	0.9978	1.0	1.002	210000
	S[7,2]	0.9985	0.002739	0.9933	0.9991	1.002	210000
	S[7,3]	0.9917	0.005426	0.979	0.9929	0.9983	210000
	S[7,4]	0.9789	0.00848	0.959	0.9803	0.9907	210000
	S[7,5]	0.9616	0.01136	0.9355	0.9631	0.9789	210000
	S[7,6]	0.9414	0.01412	0.9094	0.943	0.9641	210000
	S[7,7]	0.9195	0.01686	0.882	0.9212	0.9474	210000
	S[7,8]	0.8966	0.01965	0.8534	0.8984	0.9297	210000
	S[7,9]	0.8732	0.0225	0.8243	0.8751	0.9118	210000
	S[7,10]	0.8496	0.02538	0.7949	0.8516	0.8936	210000
	S[7,11]	0.8261	0.02825	0.7654	0.8282	0.8754	210000
	S[7,12]	0.8028	0.03109	0.7364	0.805	0.8575	210000
	S[7,13]	0.7798	0.03386	0.7078	0.7822	0.8397	210000
	S[7,14]	0.7572	0.03654	0.6798	0.7596	0.8223	210000
	S[7,15]	0.7351	0.0391	0.6525	0.7376	0.805	210000
	S[7,16]	0.7135	0.04155	0.6261	0.716	0.788	210000
	S[7,17]	0.6925	0.04387	0.6003	0.6949	0.7714	210000
	S[7,18]	0.6719	0.04605	0.5755	0.6744	0.7551	210000
	S[7,19]	0.6519	0.04809	0.5516	0.6544	0.7391	210000
	S[7,20]	0.6324	0.04999	0.5284	0.6349	0.7234	210000
	S[7,21]	0.6135	0.05176	0.5062	0.6159	0.7081	210000
	S[7,22]	0.5951	0.05339	0.4847	0.5974	0.6931	210000
	S[7,23]	0.5772	0.05489	0.4641	0.5794	0.6783	210000
	S[7,24]	0.5598	0.05627	0.4443	0.562	0.6639	210000
	S[7,25]	0.543	0.05752	0.4255	0.545	0.6498	210000
	S[7,26]	0.5266	0.05864	0.4072	0.5285	0.636	210000
	S[7,27]	0.5107	0.05966	0.3898	0.5125	0.6224	210000
	S[7,28]	0.4953	0.06056	0.373	0.497	0.6092	210000
	S[7,29]	0.4804	0.06136	0.3569	0.4819	0.5962	210000
	S[7,30]	0.4659	0.06206	0.3415	0.4673	0.5835	210000
	S[7,31]	0.4518	0.06266	0.3267	0.4531	0.571	210000
	S[7,32]	0.4382	0.06317	0.3126	0.4393	0.5589	210000
	S[7,33]	0.425	0.0636	0.299	0.4259	0.547	210000
	S[7,34]	0.4122	0.06394	0.2861	0.4129	0.5354	210000
	S[7,35]	0.3998	0.06421	0.2737	0.4003	0.524	210000
	S[7,36]	0.3877	0.0644	0.2618	0.3881	0.5128	210000
	S[7,37]	0.376	0.06453	0.2505	0.3762	0.5018	210000
	S[7,38]	0.3647	0.06459	0.2395	0.3647	0.4911	210000
	S[7,39]	0.3537	0.06459	0.2291	0.3535	0.4806	210000
	S[7,40]	0.3431	0.06453	0.2191	0.3427	0.4703	210000
	S[7,41]	0.3328	0.06441	0.2095	0.3322	0.4602	210000
	S[7,42]	0.3228	0.06425	0.2004	0.322	0.4504	210000
	S[7,43]	0.3131	0.06404	0.1916	0.3122	0.4408	210000
	S[7,44]	0.3037	0.06378	0.1832	0.3026	0.4314	210000
	S[7,45]	0.2946	0.06348	0.1752	0.2933	0.4221	210000
	S[7,46]	0.2858	0.06315	0.1675	0.2844	0.4131	210000
	S[7,47]	0.2772	0.06278	0.1601	0.2756	0.4042	210000
	S[7,48]	0.2689	0.06237	0.1532	0.2672	0.3956	210000
	S[7,49]	0.2609	0.06194	0.1464	0.259	0.3871	210000
	S[7,50]	0.2531	0.06147	0.14	0.251	0.3788	210000
	S[7,51]	0.2456	0.06098	0.1338	0.2433	0.3708	210000
	S[7,52]	0.2382	0.06046	0.128	0.2359	0.3628	210000
	S[7,53]	0.2311	0.05993	0.1224	0.2286	0.355	210000
	S[7,54]	0.2243	0.05937	0.117	0.2216	0.3474	210000
	S[7,55]	0.2176	0.05879	0.1118	0.2148	0.34	210000
	S[7,56]	0.2111	0.0582	0.1069	0.2082	0.3327	210000
	S[7,57]	0.2049	0.05759	0.1022	0.2018	0.3256	210000
	S[7,58]	0.1988	0.05696	0.0977	0.1956	0.3187	210000
	S[7,59]	0.1929	0.05633	0.09337	0.1896	0.3119	210000
	S[7,60]	0.1872	0.05568	0.08927	0.1838	0.3052	210000
	S[7,61]	0.1816	0.05502	0.08533	0.1781	0.2986	210000
	S[7,62]	0.1763	0.05436	0.08157	0.1726	0.2923	210000
	S[7,63]	0.1711	0.05369	0.07797	0.1673	0.286	210000
	S[7,64]	0.166	0.05301	0.07453	0.1622	0.2799	210000
	S[7,65]	0.1611	0.05232	0.07125	0.1572	0.2739	210000
	S[7,66]	0.1564	0.05163	0.06807	0.1523	0.268	210000
	S[7,67]	0.1518	0.05094	0.06506	0.1477	0.2623	210000
	S[7,68]	0.1473	0.05025	0.06221	0.1431	0.2567	210000
	S[7,69]	0.143	0.04955	0.05949	0.1387	0.2512	210000
	S[7,70]	0.1388	0.04885	0.05687	0.1344	0.2458	210000
	S[7,71]	0.1347	0.04816	0.05437	0.1303	0.2406	210000
	S[7,72]	0.1308	0.04746	0.05196	0.1263	0.2354	210000
	S[7,73]	0.127	0.04676	0.04965	0.1224	0.2304	210000
	S[7,74]	0.1232	0.04607	0.04747	0.1186	0.2254	210000
	S[7,75]	0.1196	0.04537	0.04536	0.115	0.2206	210000
	S[7,76]	0.1162	0.04468	0.04336	0.1115	0.2159	210000
	S[7,77]	0.1128	0.044	0.04144	0.108	0.2113	210000
	S[7,78]	0.1095	0.04331	0.03962	0.1047	0.2067	210000
	S[7,79]	0.1063	0.04263	0.03787	0.1015	0.2023	210000
	S[7,80]	0.1032	0.04196	0.0362	0.09835	0.198	210000
	S[7,81]	0.1002	0.04129	0.03458	0.09532	0.1937	210000
	S[7,82]	0.0973	0.04062	0.03306	0.09238	0.1896	210000
	S[7,83]	0.09447	0.03996	0.0316	0.08953	0.1855	210000
	S[7,84]	0.09174	0.0393	0.03022	0.08677	0.1815	210000
	S[7,85]	0.08908	0.03865	0.02888	0.0841	0.1776	210000
	S[7,86]	0.08651	0.03801	0.02761	0.08151	0.1738	210000
	S[7,87]	0.08401	0.03737	0.02638	0.079	0.1701	210000
	S[7,88]	0.08158	0.03674	0.02521	0.07657	0.1665	210000
	S[7,89]	0.07923	0.03612	0.02409	0.07421	0.1629	210000
	S[7,90]	0.07695	0.0355	0.02304	0.07192	0.1594	210000
	S[7,91]	0.07473	0.03489	0.02202	0.06971	0.156	210000
	S[7,92]	0.07258	0.03428	0.02106	0.06756	0.1526	210000
	S[7,93]	0.0705	0.03369	0.02012	0.06547	0.1494	210000
	S[7,94]	0.06847	0.0331	0.01924	0.06345	0.1461	210000
	S[7,95]	0.06651	0.03252	0.01838	0.0615	0.143	210000
	S[7,96]	0.0646	0.03194	0.01756	0.05961	0.1399	210000
	S[7,97]	0.06275	0.03137	0.01679	0.05777	0.1369	210000
	S[7,98]	0.06096	0.03081	0.01604	0.05599	0.134	210000
	S[7,99]	0.05922	0.03026	0.01534	0.05427	0.1311	210000
	S[7,100]	0.05753	0.02972	0.01466	0.05259	0.1283	210000
	S[7,101]	0.05589	0.02918	0.01401	0.05097	0.1255	210000
	S[7,102]	0.05429	0.02865	0.01339	0.0494	0.1228	210000
	S[7,103]	0.05275	0.02813	0.0128	0.04788	0.1202	210000
	S[7,104]	0.05125	0.02761	0.01224	0.0464	0.1176	210000
	S[7,105]	0.04979	0.0271	0.0117	0.04496	0.1151	210000
	S[7,106]	0.04838	0.0266	0.01118	0.04358	0.1127	210000
	S[7,107]	0.047	0.02611	0.01069	0.04223	0.1103	210000
	S[7,108]	0.04567	0.02563	0.01021	0.04093	0.1079	210000
	S[7,109]	0.04438	0.02515	0.009763	0.03967	0.1055	210000
	S[7,110]	0.04312	0.02468	0.009333	0.03844	0.1033	210000
	S[7,111]	0.0419	0.02422	0.00892	0.03725	0.1011	210000
	S[7,112]	0.04072	0.02376	0.008528	0.03611	0.09892	210000
	S[7,113]	0.03957	0.02332	0.008151	0.03499	0.09678	210000
	S[7,114]	0.03846	0.02287	0.007791	0.03391	0.09472	210000
	S[7,115]	0.03737	0.02244	0.00742	0.03286	0.09268	210000
	S[7,116]	0.03632	0.02202	0.007081	0.03184	0.09071	210000
	S[7,117]	0.0353	0.0216	0.006762	0.03086	0.08877	210000
	S[7,118]	0.03431	0.02118	0.006464	0.0299	0.08686	210000
	S[7,119]	0.03335	0.02078	0.006169	0.02898	0.08502	210000
	S[7,120]	0.03241	0.02038	0.00589	0.02808	0.08318	210000
	S[8,1]	0.802	0.2559	0.03749	0.9174	0.9979	210000
	S[8,2]	0.7768	0.2528	0.03451	0.8868	0.9839	210000
	S[8,3]	0.7559	0.2476	0.03269	0.8619	0.9649	210000
	S[8,4]	0.7364	0.2419	0.0317	0.839	0.9445	210000
	S[8,5]	0.7177	0.2361	0.03202	0.8171	0.9238	210000
	S[8,6]	0.6996	0.2304	0.02977	0.7961	0.9035	210000
	S[8,7]	0.6821	0.2247	0.02903	0.7756	0.8837	210000
	S[8,8]	0.6651	0.2192	0.02814	0.7558	0.8643	210000
	S[8,9]	0.6486	0.2138	0.02718	0.7364	0.8455	210000
	S[8,10]	0.6325	0.2086	0.02651	0.7174	0.8272	210000
	S[8,11]	0.6169	0.2034	0.02586	0.699	0.8095	210000
	S[8,12]	0.6016	0.1985	0.02527	0.6808	0.7922	210000
	S[8,13]	0.5868	0.1937	0.02464	0.6631	0.7752	210000
	S[8,14]	0.5723	0.189	0.02403	0.6456	0.7588	210000
	S[8,15]	0.5582	0.1844	0.02352	0.6286	0.7428	210000
	S[8,16]	0.5444	0.18	0.02287	0.6121	0.7274	210000
	S[8,17]	0.5311	0.1757	0.02232	0.596	0.7122	210000
	S[8,18]	0.518	0.1715	0.02204	0.5802	0.6974	210000
	S[8,19]	0.5053	0.1675	0.02174	0.5649	0.6831	210000
	S[8,20]	0.4929	0.1635	0.0213	0.55	0.669	210000
	S[8,21]	0.4808	0.1597	0.02073	0.5357	0.6551	210000
	S[8,22]	0.469	0.156	0.02029	0.5215	0.6417	210000
	S[8,23]	0.4575	0.1524	0.01981	0.5078	0.6285	210000
	S[8,24]	0.4463	0.1489	0.01941	0.4944	0.6159	210000
	S[8,25]	0.4354	0.1455	0.01884	0.4815	0.6032	210000
	S[8,26]	0.4247	0.1422	0.01847	0.4688	0.5909	210000
	S[8,27]	0.4144	0.139	0.01811	0.4567	0.5789	210000
	S[8,28]	0.4042	0.1359	0.01758	0.4447	0.5672	210000
	S[8,29]	0.3944	0.1328	0.01713	0.4331	0.5557	210000
	S[8,30]	0.3847	0.1299	0.01679	0.4218	0.5447	210000
	S[8,31]	0.3754	0.127	0.0164	0.4108	0.5337	210000
	S[8,32]	0.3662	0.1242	0.01642	0.4002	0.5229	210000
	S[8,33]	0.3573	0.1215	0.01601	0.3898	0.5124	210000
	S[8,34]	0.3486	0.1188	0.01557	0.3796	0.502	210000
	S[8,35]	0.3401	0.1163	0.01563	0.3698	0.4919	210000
	S[8,36]	0.3319	0.1138	0.01526	0.3602	0.4823	210000
	S[8,37]	0.3238	0.1113	0.01464	0.351	0.4726	210000
	S[8,38]	0.3159	0.1089	0.01443	0.3419	0.4631	210000
	S[8,39]	0.3083	0.1066	0.01408	0.333	0.4539	210000
	S[8,40]	0.3008	0.1044	0.01372	0.3244	0.445	210000
	S[8,41]	0.2935	0.1022	0.01336	0.3161	0.4362	210000
	S[8,42]	0.2864	0.1	0.0131	0.3079	0.4276	210000
	S[8,43]	0.2794	0.09795	0.01283	0.2999	0.4191	210000
	S[8,44]	0.2727	0.09592	0.01293	0.2922	0.4108	210000
	S[8,45]	0.2661	0.09394	0.01254	0.2847	0.4027	210000
	S[8,46]	0.2596	0.09201	0.01235	0.2774	0.3948	210000
	S[8,47]	0.2534	0.09012	0.012	0.2703	0.3871	210000
	S[8,48]	0.2472	0.08829	0.01169	0.2634	0.3795	210000
	S[8,49]	0.2413	0.08649	0.01144	0.2567	0.372	210000
	S[8,50]	0.2355	0.08475	0.01088	0.2501	0.3653	210000
	S[8,51]	0.2298	0.08304	0.01066	0.2437	0.3581	210000
	S[8,52]	0.2242	0.08137	0.01051	0.2374	0.351	210000
	S[8,53]	0.2188	0.07975	0.01025	0.2313	0.3441	210000
	S[8,54]	0.2136	0.07816	0.009987	0.2254	0.3375	210000
	S[8,55]	0.2084	0.07661	0.009773	0.2197	0.3309	210000
	S[8,56]	0.2034	0.07509	0.009624	0.2141	0.3245	210000
	S[8,57]	0.1985	0.07361	0.009403	0.2086	0.3183	210000
	S[8,58]	0.1938	0.07217	0.009174	0.2033	0.3121	210000
	S[8,59]	0.1891	0.07076	0.008919	0.1981	0.3061	210000
	S[8,60]	0.1846	0.06938	0.008812	0.193	0.3001	210000
	S[8,61]	0.1801	0.06803	0.008602	0.1882	0.2943	210000
	S[8,62]	0.1758	0.06671	0.008418	0.1834	0.2887	210000
	S[8,63]	0.1716	0.06542	0.008235	0.1787	0.2831	210000
	S[8,64]	0.1675	0.06416	0.008037	0.1742	0.2776	210000
	S[8,65]	0.1635	0.06293	0.007857	0.1698	0.2722	210000
	S[8,66]	0.1596	0.06172	0.007686	0.1655	0.267	210000
	S[8,67]	0.1558	0.06054	0.007518	0.1613	0.2619	210000
	S[8,68]	0.152	0.05939	0.007341	0.1572	0.2567	210000
	S[8,69]	0.1484	0.05826	0.007169	0.1532	0.2519	210000
	S[8,70]	0.1449	0.05715	0.006999	0.1494	0.247	210000
	S[8,71]	0.1414	0.05607	0.006826	0.1456	0.2423	210000
	S[8,72]	0.138	0.05501	0.006666	0.1419	0.2376	210000
	S[8,73]	0.1347	0.05397	0.006518	0.1383	0.233	210000
	S[8,74]	0.1315	0.05296	0.006378	0.1348	0.2286	210000
	S[8,75]	0.1284	0.05197	0.006238	0.1314	0.2241	210000
	S[8,76]	0.1253	0.05099	0.006101	0.1281	0.2198	210000
	S[8,77]	0.1224	0.05004	0.005976	0.1248	0.2156	210000
	S[8,78]	0.1194	0.04911	0.005805	0.1217	0.2113	210000
	S[8,79]	0.1166	0.04819	0.005668	0.1186	0.2072	210000
	S[8,80]	0.1138	0.0473	0.005529	0.1156	0.2033	210000
	S[8,81]	0.1111	0.04642	0.005404	0.1127	0.1993	210000
	S[8,82]	0.1085	0.04556	0.005277	0.1099	0.1955	210000
	S[8,83]	0.1059	0.04472	0.005174	0.1072	0.1917	210000
	S[8,84]	0.1034	0.04389	0.005049	0.1045	0.188	210000
	S[8,85]	0.101	0.04308	0.004937	0.1019	0.1843	210000
	S[8,86]	0.09857	0.04229	0.004823	0.09929	0.1808	210000
	S[8,87]	0.09623	0.04151	0.004716	0.09679	0.1774	210000
	S[8,88]	0.09396	0.04075	0.004596	0.09435	0.174	210000
	S[8,89]	0.09173	0.04	0.004486	0.09198	0.1706	210000
	S[8,90]	0.08957	0.03927	0.004382	0.08968	0.1673	210000
	S[8,91]	0.08745	0.03855	0.004285	0.08743	0.1641	210000
	S[8,92]	0.08538	0.03785	0.004188	0.08524	0.161	210000
	S[8,93]	0.08337	0.03715	0.004107	0.0831	0.1579	210000
	S[8,94]	0.0814	0.03648	0.004006	0.08102	0.1549	210000
	S[8,95]	0.07948	0.03581	0.003931	0.07898	0.1519	210000
	S[8,96]	0.07761	0.03516	0.003834	0.07702	0.1491	210000
	S[8,97]	0.07578	0.03452	0.003757	0.07509	0.1462	210000
	S[8,98]	0.074	0.03389	0.003681	0.07321	0.1434	210000
	S[8,99]	0.07226	0.03328	0.003612	0.07141	0.1406	210000
	S[8,100]	0.07056	0.03267	0.003534	0.0696	0.138	210000
	S[8,101]	0.0689	0.03208	0.003451	0.06786	0.1354	210000
	S[8,102]	0.06728	0.0315	0.003369	0.06615	0.1328	210000
	S[8,103]	0.0657	0.03093	0.003292	0.06449	0.1303	210000
	S[8,104]	0.06416	0.03037	0.003219	0.06288	0.1278	210000
	S[8,105]	0.06265	0.02982	0.003126	0.0613	0.1253	210000
	S[8,106]	0.06118	0.02928	0.003065	0.05977	0.123	210000
	S[8,107]	0.05975	0.02876	0.002994	0.05828	0.1206	210000
	S[8,108]	0.05835	0.02824	0.002922	0.05683	0.1183	210000
	S[8,109]	0.05698	0.02773	0.002864	0.05542	0.116	210000
	S[8,110]	0.05565	0.02723	0.002811	0.05404	0.1138	210000
	S[8,111]	0.05435	0.02674	0.002765	0.05269	0.1116	210000
	S[8,112]	0.05308	0.02626	0.002721	0.05138	0.1095	210000
	S[8,113]	0.05184	0.02578	0.002671	0.0501	0.1074	210000
	S[8,114]	0.05063	0.02532	0.002611	0.04886	0.1054	210000
	S[8,115]	0.04945	0.02486	0.002562	0.04764	0.1035	210000
	S[8,116]	0.04829	0.02442	0.002508	0.04646	0.1015	210000
	S[8,117]	0.04717	0.02398	0.00246	0.04531	0.09963	210000
	S[8,118]	0.04607	0.02355	0.002387	0.04418	0.09776	210000
	S[8,119]	0.04499	0.02313	0.002332	0.04308	0.09589	210000
	S[8,120]	0.04395	0.02271	0.002272	0.04202	0.09405	210000
	S[9,1]	0.582	0.2665	0.03314	0.6303	0.9557	210000
	S[9,2]	0.5634	0.2609	0.03145	0.6081	0.9355	210000
	S[9,3]	0.5514	0.256	0.03057	0.5945	0.9186	210000
	S[9,4]	0.5412	0.2515	0.02992	0.5834	0.9028	210000
	S[9,5]	0.5318	0.2472	0.0294	0.5733	0.8876	210000
	S[9,6]	0.5229	0.2431	0.02888	0.5637	0.873	210000
	S[9,7]	0.5143	0.2391	0.02839	0.5543	0.8586	210000
	S[9,8]	0.506	0.2351	0.02792	0.5454	0.8447	210000
	S[9,9]	0.4979	0.2313	0.02752	0.5368	0.8311	210000
	S[9,10]	0.49	0.2275	0.02714	0.5281	0.8177	210000
	S[9,11]	0.4822	0.2238	0.02675	0.5199	0.8046	210000
	S[9,12]	0.4746	0.2202	0.0264	0.5116	0.7916	210000
	S[9,13]	0.4671	0.2167	0.026	0.5034	0.779	210000
	S[9,14]	0.4598	0.2132	0.02557	0.4954	0.7666	210000
	S[9,15]	0.4526	0.2097	0.02519	0.4876	0.7544	210000
	S[9,16]	0.4455	0.2064	0.02486	0.48	0.7425	210000
	S[9,17]	0.4385	0.2031	0.02453	0.4726	0.7309	210000
	S[9,18]	0.4317	0.1998	0.02417	0.4653	0.7194	210000
	S[9,19]	0.425	0.1966	0.02379	0.458	0.7084	210000
	S[9,20]	0.4184	0.1935	0.02344	0.451	0.6973	210000
	S[9,21]	0.4119	0.1904	0.02311	0.4439	0.6864	210000
	S[9,22]	0.4055	0.1874	0.02278	0.4368	0.6759	210000
	S[9,23]	0.3992	0.1844	0.02246	0.4301	0.6655	210000
	S[9,24]	0.393	0.1815	0.02208	0.4235	0.6553	210000
	S[9,25]	0.3869	0.1786	0.02173	0.417	0.6453	210000
	S[9,26]	0.3809	0.1757	0.02145	0.4105	0.6355	210000
	S[9,27]	0.375	0.173	0.02116	0.4041	0.6259	210000
	S[9,28]	0.3692	0.1702	0.02087	0.3979	0.6165	210000
	S[9,29]	0.3634	0.1675	0.02059	0.3918	0.6072	210000
	S[9,30]	0.3578	0.1649	0.02032	0.3858	0.598	210000
	S[9,31]	0.3523	0.1623	0.02001	0.3798	0.589	210000
	S[9,32]	0.3468	0.1598	0.01973	0.3739	0.5802	210000
	S[9,33]	0.3415	0.1572	0.01947	0.3682	0.5715	210000
	S[9,34]	0.3362	0.1548	0.01918	0.3625	0.563	210000
	S[9,35]	0.331	0.1523	0.01891	0.3568	0.5546	210000
	S[9,36]	0.3259	0.15	0.01864	0.3513	0.5464	210000
	S[9,37]	0.3208	0.1476	0.01837	0.3458	0.5381	210000
	S[9,38]	0.3159	0.1453	0.01811	0.3404	0.5301	210000
	S[9,39]	0.311	0.143	0.01784	0.3351	0.5223	210000
	S[9,40]	0.3062	0.1408	0.01756	0.3299	0.5146	210000
	S[9,41]	0.3015	0.1386	0.01733	0.3248	0.507	210000
	S[9,42]	0.2968	0.1365	0.0171	0.3198	0.4996	210000
	S[9,43]	0.2923	0.1343	0.01686	0.3148	0.4923	210000
	S[9,44]	0.2877	0.1323	0.01658	0.3099	0.4851	210000
	S[9,45]	0.2833	0.1302	0.01632	0.3051	0.4779	210000
	S[9,46]	0.2789	0.1282	0.01611	0.3004	0.471	210000
	S[9,47]	0.2746	0.1262	0.01586	0.2957	0.4641	210000
	S[9,48]	0.2704	0.1242	0.01561	0.2911	0.4574	210000
	S[9,49]	0.2662	0.1223	0.01541	0.2866	0.4507	210000
	S[9,50]	0.2621	0.1204	0.01518	0.2821	0.4442	210000
	S[9,51]	0.2581	0.1186	0.01499	0.2777	0.4378	210000
	S[9,52]	0.2541	0.1168	0.01474	0.2734	0.4314	210000
	S[9,53]	0.2502	0.115	0.01455	0.2691	0.4252	210000
	S[9,54]	0.2464	0.1132	0.01433	0.265	0.4192	210000
	S[9,55]	0.2426	0.1115	0.01413	0.2608	0.4132	210000
	S[9,56]	0.2389	0.1098	0.01392	0.2568	0.4072	210000
	S[9,57]	0.2352	0.1081	0.01373	0.2528	0.4013	210000
	S[9,58]	0.2316	0.1064	0.01353	0.2489	0.3956	210000
	S[9,59]	0.228	0.1048	0.01333	0.245	0.3898	210000
	S[9,60]	0.2245	0.1032	0.01312	0.2411	0.3842	210000
	S[9,61]	0.2211	0.1016	0.01297	0.2374	0.3787	210000
	S[9,62]	0.2177	0.1001	0.01277	0.2337	0.3733	210000
	S[9,63]	0.2143	0.09856	0.01258	0.23	0.368	210000
	S[9,64]	0.211	0.09706	0.01241	0.2264	0.3627	210000
	S[9,65]	0.2078	0.09559	0.01223	0.2229	0.3575	210000
	S[9,66]	0.2046	0.09414	0.01205	0.2194	0.3524	210000
	S[9,67]	0.2015	0.09271	0.0119	0.2159	0.3475	210000
	S[9,68]	0.1984	0.09131	0.01175	0.2125	0.3425	210000
	S[9,69]	0.1953	0.08993	0.01133	0.2093	0.3376	210000
	S[9,70]	0.1923	0.08857	0.01117	0.206	0.3328	210000
	S[9,71]	0.1894	0.08724	0.01101	0.2027	0.3281	210000
	S[9,72]	0.1865	0.08592	0.01084	0.1995	0.3235	210000
	S[9,73]	0.1836	0.08463	0.01069	0.1964	0.3189	210000
	S[9,74]	0.1808	0.08336	0.01053	0.1933	0.3143	210000
	S[9,75]	0.178	0.08211	0.01036	0.1903	0.3098	210000
	S[9,76]	0.1753	0.08087	0.0102	0.1873	0.3055	210000
	S[9,77]	0.1726	0.07966	0.01007	0.1843	0.3012	210000
	S[9,78]	0.17	0.07847	0.009933	0.1814	0.2969	210000
	S[9,79]	0.1674	0.0773	0.009795	0.1786	0.2928	210000
	S[9,80]	0.1648	0.07614	0.009654	0.1758	0.2887	210000
	S[9,81]	0.1623	0.07501	0.009507	0.173	0.2846	210000
	S[9,82]	0.1598	0.07389	0.00937	0.1703	0.2806	210000
	S[9,83]	0.1573	0.07279	0.009231	0.1676	0.2767	210000
	S[9,84]	0.1549	0.0717	0.009091	0.1649	0.2728	210000
	S[9,85]	0.1526	0.07064	0.008962	0.1623	0.269	210000
	S[9,86]	0.1502	0.06959	0.00884	0.1598	0.2652	210000
	S[9,87]	0.1479	0.06856	0.008704	0.1573	0.2616	210000
	S[9,88]	0.1457	0.06754	0.008578	0.1548	0.2579	210000
	S[9,89]	0.1434	0.06654	0.008465	0.1524	0.2543	210000
	S[9,90]	0.1412	0.06556	0.008333	0.15	0.2507	210000
	S[9,91]	0.1391	0.06459	0.008222	0.1476	0.2472	210000
	S[9,92]	0.137	0.06364	0.008105	0.1453	0.2437	210000
	S[9,93]	0.1349	0.0627	0.007996	0.143	0.2403	210000
	S[9,94]	0.1328	0.06178	0.007881	0.1407	0.2369	210000
	S[9,95]	0.1308	0.06087	0.00777	0.1385	0.2337	210000
	S[9,96]	0.1288	0.05998	0.007666	0.1363	0.2305	210000
	S[9,97]	0.1268	0.05909	0.00755	0.1341	0.2272	210000
	S[9,98]	0.1249	0.05823	0.00744	0.132	0.2241	210000
	S[9,99]	0.123	0.05738	0.007342	0.1299	0.221	210000
	S[9,100]	0.1211	0.05654	0.007246	0.1279	0.2179	210000
	S[9,101]	0.1192	0.05571	0.007143	0.1259	0.2149	210000
	S[9,102]	0.1174	0.0549	0.007046	0.1239	0.212	210000
	S[9,103]	0.1156	0.05409	0.007034	0.1219	0.209	210000
	S[9,104]	0.1139	0.05331	0.006944	0.1199	0.2061	210000
	S[9,105]	0.1121	0.05253	0.006823	0.118	0.2033	210000
	S[9,106]	0.1104	0.05177	0.006672	0.1161	0.2004	210000
	S[9,107]	0.1087	0.05101	0.006579	0.1143	0.1975	210000
	S[9,108]	0.1071	0.05027	0.00649	0.1125	0.1948	210000
	S[9,109]	0.1055	0.04954	0.00639	0.1107	0.1921	210000
	S[9,110]	0.1038	0.04883	0.006296	0.1089	0.1894	210000
	S[9,111]	0.1023	0.04812	0.006208	0.1072	0.1868	210000
	S[9,112]	0.1007	0.04742	0.006124	0.1055	0.1842	210000
	S[9,113]	0.09917	0.04674	0.00604	0.1038	0.1818	210000
	S[9,114]	0.09766	0.04606	0.005956	0.1022	0.1792	210000
	S[9,115]	0.09618	0.0454	0.005866	0.1006	0.1768	210000
	S[9,116]	0.09471	0.04475	0.005785	0.099	0.1744	210000
	S[9,117]	0.09327	0.0441	0.005704	0.09742	0.172	210000
	S[9,118]	0.09185	0.04347	0.005619	0.09587	0.1696	210000
	S[9,119]	0.09045	0.04284	0.005539	0.09435	0.1672	210000
	S[9,120]	0.08908	0.04223	0.005464	0.09285	0.1649	210000
	S[10,1]	0.1977	0.2821	-0.002163	0.02529	0.9011	210000
	S[10,2]	0.1918	0.275	-0.002183	0.0241	0.8821	210000
	S[10,3]	0.1884	0.2704	-0.002156	0.02358	0.8682	210000
	S[10,4]	0.1856	0.2665	-0.002175	0.02321	0.8558	210000
	S[10,5]	0.183	0.2628	-0.002153	0.0229	0.8442	210000
	S[10,6]	0.1806	0.2593	-0.002186	0.02258	0.8331	210000
	S[10,7]	0.1783	0.256	-0.002198	0.02228	0.822	210000
	S[10,8]	0.176	0.2527	-0.002182	0.02201	0.8115	210000
	S[10,9]	0.1738	0.2495	-0.002185	0.02175	0.8012	210000
	S[10,10]	0.1716	0.2464	-0.00216	0.02147	0.7911	210000
	S[10,11]	0.1695	0.2433	-0.002176	0.02124	0.7809	210000
	S[10,12]	0.1674	0.2402	-0.002176	0.02099	0.7713	210000
	S[10,13]	0.1653	0.2373	-0.002157	0.02073	0.7614	210000
	S[10,14]	0.1633	0.2343	-0.002188	0.0205	0.7521	210000
	S[10,15]	0.1613	0.2314	-0.002166	0.02026	0.7426	210000
	S[10,16]	0.1593	0.2286	-0.002198	0.02003	0.7333	210000
	S[10,17]	0.1574	0.2258	-0.002194	0.01979	0.724	210000
	S[10,18]	0.1555	0.223	-0.002197	0.01956	0.7149	210000
	S[10,19]	0.1536	0.2203	-0.002188	0.01936	0.7057	210000
	S[10,20]	0.1517	0.2176	-0.002193	0.01913	0.6969	210000
	S[10,21]	0.1499	0.2149	-0.002193	0.01891	0.6881	210000
	S[10,22]	0.1481	0.2123	-0.002168	0.0187	0.6795	210000
	S[10,23]	0.1463	0.2097	-0.002159	0.01847	0.6711	210000
	S[10,24]	0.1445	0.2072	-0.002161	0.01826	0.6629	210000
	S[10,25]	0.1428	0.2046	-0.002193	0.01808	0.6548	210000
	S[10,26]	0.141	0.2022	-0.002183	0.01788	0.647	210000
	S[10,27]	0.1393	0.1997	-0.00216	0.01768	0.6392	210000
	S[10,28]	0.1377	0.1973	-0.002174	0.01747	0.6314	210000
	S[10,29]	0.136	0.1949	-0.002191	0.01729	0.6235	210000
	S[10,30]	0.1344	0.1925	-0.002182	0.01709	0.616	210000
	S[10,31]	0.1327	0.1902	-0.002181	0.01689	0.6087	210000
	S[10,32]	0.1311	0.1879	-0.002196	0.0167	0.6012	210000
	S[10,33]	0.1296	0.1856	-0.00219	0.01652	0.5939	210000
	S[10,34]	0.128	0.1834	-0.002182	0.01633	0.5866	210000
	S[10,35]	0.1265	0.1812	-0.002194	0.01616	0.5797	210000
	S[10,36]	0.125	0.179	-0.002182	0.01597	0.5727	210000
	S[10,37]	0.1235	0.1769	-0.002176	0.0158	0.5658	210000
	S[10,38]	0.122	0.1747	-0.002178	0.01563	0.5593	210000
	S[10,39]	0.1205	0.1726	-0.0022	0.01545	0.5524	210000
	S[10,40]	0.1191	0.1706	-0.00219	0.01528	0.5461	210000
	S[10,41]	0.1176	0.1685	-0.002192	0.01512	0.5396	210000
	S[10,42]	0.1162	0.1665	-0.002196	0.01495	0.5331	210000
	S[10,43]	0.1148	0.1645	-0.002204	0.01478	0.5266	210000
	S[10,44]	0.1135	0.1625	-0.002157	0.01462	0.5204	210000
	S[10,45]	0.1121	0.1606	-0.00217	0.01446	0.5145	210000
	S[10,46]	0.1108	0.1587	-0.002172	0.01431	0.5083	210000
	S[10,47]	0.1094	0.1568	-0.002154	0.01414	0.5025	210000
	S[10,48]	0.1081	0.1549	-0.002188	0.01399	0.4965	210000
	S[10,49]	0.1068	0.1531	-0.002195	0.01384	0.4908	210000
	S[10,50]	0.1056	0.1512	-0.00219	0.01368	0.4849	210000
	S[10,51]	0.1043	0.1494	-0.00219	0.01352	0.4792	210000
	S[10,52]	0.1031	0.1477	-0.002178	0.01337	0.4735	210000
	S[10,53]	0.1018	0.1459	-0.002182	0.01322	0.468	210000
	S[10,54]	0.1006	0.1442	-0.002169	0.01307	0.4625	210000
	S[10,55]	0.09941	0.1425	-0.002162	0.01293	0.4571	210000
	S[10,56]	0.09822	0.1408	-0.002174	0.01279	0.4518	210000
	S[10,57]	0.09705	0.1391	-0.002164	0.01265	0.4464	210000
	S[10,58]	0.0959	0.1374	-0.002183	0.0125	0.4411	210000
	S[10,59]	0.09475	0.1358	-0.002187	0.01237	0.4362	210000
	S[10,60]	0.09362	0.1342	-0.002188	0.01224	0.4311	210000
	S[10,61]	0.09251	0.1326	-0.002159	0.0121	0.426	210000
	S[10,62]	0.09141	0.1311	-0.00218	0.01197	0.4209	210000
	S[10,63]	0.09032	0.1295	-0.002164	0.01184	0.4161	210000
	S[10,64]	0.08925	0.128	-0.002152	0.01171	0.4113	210000
	S[10,65]	0.08819	0.1265	-0.002154	0.01157	0.4066	210000
	S[10,66]	0.08714	0.125	-0.002164	0.01145	0.402	210000
	S[10,67]	0.0861	0.1235	-0.002191	0.01133	0.3972	210000
	S[10,68]	0.08508	0.1221	-0.0022	0.01121	0.3926	210000
	S[10,69]	0.08407	0.1206	-0.002186	0.01108	0.3882	210000
	S[10,70]	0.08307	0.1192	-0.002201	0.01095	0.3838	210000
	S[10,71]	0.08208	0.1178	-0.00218	0.01081	0.3792	210000
	S[10,72]	0.08111	0.1164	-0.002205	0.0107	0.3751	210000
	S[10,73]	0.08015	0.1151	-0.002176	0.01059	0.3707	210000
	S[10,74]	0.0792	0.1137	-0.002146	0.01047	0.3665	210000
	S[10,75]	0.07826	0.1124	-0.002122	0.01035	0.3623	210000
	S[10,76]	0.07733	0.1111	-0.002282	0.01023	0.3581	210000
	S[10,77]	0.07641	0.1098	-0.002084	0.01012	0.354	210000
	S[10,78]	0.07551	0.1085	-0.00238	0.01	0.3501	210000
	S[10,79]	0.07461	0.1072	-8.03E-4	0.009895	0.3461	210000
	S[10,80]	0.07373	0.106	1.019E-7	0.009786	0.3422	210000
	S[10,81]	0.07286	0.1047	6.755E-8	0.009676	0.3386	210000
	S[10,82]	0.072	0.1035	4.339E-8	0.009574	0.3348	210000
	S[10,83]	0.07114	0.1023	4.174E-8	0.009477	0.331	210000
	S[10,84]	0.0703	0.1011	4.194E-8	0.009377	0.3273	210000
	S[10,85]	0.06947	0.09993	4.756E-8	0.00927	0.3235	210000
	S[10,86]	0.06865	0.09877	4.042E-8	0.009169	0.32	210000
	S[10,87]	0.06784	0.09762	7.423E-8	0.009072	0.3164	210000
	S[10,88]	0.06704	0.09648	8.982E-8	0.008977	0.3129	210000
	S[10,89]	0.06625	0.09536	7.79E-8	0.008886	0.3094	210000
	S[10,90]	0.06546	0.09426	7.424E-8	0.008795	0.3059	210000
	S[10,91]	0.06469	0.09317	4.441E-8	0.008705	0.3025	210000
	S[10,92]	0.06393	0.09209	9.24E-8	0.008614	0.2991	210000
	S[10,93]	0.06317	0.09102	4.128E-8	0.008514	0.2957	210000
	S[10,94]	0.06243	0.08997	7.4E-8	0.008418	0.2924	210000
	S[10,95]	0.06169	0.08893	9.125E-8	0.008321	0.2891	210000
	S[10,96]	0.06097	0.0879	3.804E-8	0.00823	0.2859	210000
	S[10,97]	0.06025	0.08689	6.165E-8	0.008143	0.2826	210000
	S[10,98]	0.05954	0.08588	5.866E-8	0.00805	0.2794	210000
	S[10,99]	0.05884	0.08489	7.159E-8	0.007961	0.2764	210000
	S[10,100]	0.05814	0.08392	7.05E-8	0.007882	0.2733	210000
	S[10,101]	0.05746	0.08295	7.826E-8	0.007806	0.2702	210000
	S[10,102]	0.05678	0.082	9.976E-8	0.007742	0.2672	210000
	S[10,103]	0.05611	0.08105	1.013E-7	0.007654	0.2642	210000
	S[10,104]	0.05545	0.08012	1.01E-7	0.007567	0.2614	210000
	S[10,105]	0.0548	0.0792	3.928E-8	0.007491	0.2584	210000
	S[10,106]	0.05416	0.07829	3.909E-8	0.007423	0.2556	210000
	S[10,107]	0.05352	0.07739	3.723E-8	0.007342	0.2527	210000
	S[10,108]	0.05289	0.07651	3.755E-8	0.007267	0.25	210000
	S[10,109]	0.05227	0.07563	3.607E-8	0.007195	0.2472	210000
	S[10,110]	0.05166	0.07476	7.333E-8	0.007136	0.2445	210000
	S[10,111]	0.05105	0.07391	8.621E-8	0.00706	0.2418	210000
	S[10,112]	0.05045	0.07306	4.345E-8	0.006993	0.2392	210000
	S[10,113]	0.04986	0.07223	4.521E-8	0.006916	0.2365	210000
	S[10,114]	0.04928	0.0714	3.575E-8	0.006846	0.2339	210000
	S[10,115]	0.0487	0.07059	4.31E-8	0.006793	0.2313	210000
	S[10,116]	0.04813	0.06978	4.721E-8	0.006726	0.2287	210000
	S[10,117]	0.04756	0.06899	8.991E-8	0.006649	0.2261	210000
	S[10,118]	0.04701	0.0682	6.846E-8	0.006578	0.2236	210000
	S[10,119]	0.04646	0.06743	4.553E-8	0.006518	0.2212	210000
	S[10,120]	0.04591	0.06666	9.207E-8	0.006436	0.2188	210000
	S[11,1]	0.8506	0.2436	0.04132	0.9628	0.9996	210000
	S[11,2]	0.833	0.2422	0.03909	0.9423	0.9922	210000
	S[11,3]	0.8175	0.239	0.03785	0.9242	0.9802	210000
	S[11,4]	0.8027	0.2352	0.03741	0.9068	0.9665	210000
	S[11,5]	0.7882	0.2312	0.03635	0.8898	0.9523	210000
	S[11,6]	0.774	0.2272	0.03582	0.873	0.9383	210000
	S[11,7]	0.7601	0.2232	0.03474	0.8567	0.9243	210000
	S[11,8]	0.7465	0.2193	0.03421	0.8403	0.9106	210000
	S[11,9]	0.7331	0.2154	0.03385	0.8242	0.8973	210000
	S[11,10]	0.72	0.2116	0.03316	0.8083	0.8841	210000
	S[11,11]	0.7072	0.2079	0.03267	0.7926	0.8712	210000
	S[11,12]	0.6945	0.2042	0.03158	0.7772	0.8586	210000
	S[11,13]	0.6821	0.2006	0.0308	0.7621	0.8463	210000
	S[11,14]	0.67	0.1972	0.02975	0.7472	0.8342	210000
	S[11,15]	0.658	0.1938	0.02975	0.7328	0.8224	210000
	S[11,16]	0.6463	0.1904	0.0296	0.7187	0.8108	210000
	S[11,17]	0.6348	0.1872	0.0304	0.7048	0.7995	210000
	S[11,18]	0.6235	0.184	0.03005	0.6913	0.7883	210000
	S[11,19]	0.6124	0.1809	0.02957	0.6781	0.7773	210000
	S[11,20]	0.6015	0.1779	0.02914	0.665	0.7665	210000
	S[11,21]	0.5909	0.175	0.02837	0.6523	0.7557	210000
	S[11,22]	0.5804	0.1721	0.02796	0.6398	0.7453	210000
	S[11,23]	0.5701	0.1693	0.02742	0.6275	0.7349	210000
	S[11,24]	0.56	0.1666	0.02722	0.6154	0.7247	210000
	S[11,25]	0.5501	0.1639	0.02679	0.6036	0.7148	210000
	S[11,26]	0.5403	0.1613	0.02679	0.5921	0.705	210000
	S[11,27]	0.5308	0.1587	0.02624	0.5809	0.6953	210000
	S[11,28]	0.5214	0.1562	0.0255	0.5699	0.6858	210000
	S[11,29]	0.5122	0.1538	0.02506	0.5591	0.6764	210000
	S[11,30]	0.5031	0.1514	0.02518	0.5485	0.6672	210000
	S[11,31]	0.4942	0.1491	0.02452	0.5381	0.6581	210000
	S[11,32]	0.4855	0.1468	0.02435	0.5279	0.6492	210000
	S[11,33]	0.4769	0.1446	0.02399	0.518	0.6402	210000
	S[11,34]	0.4685	0.1424	0.02391	0.5082	0.6316	210000
	S[11,35]	0.4603	0.1402	0.02317	0.4986	0.623	210000
	S[11,36]	0.4522	0.1382	0.02281	0.4893	0.6145	210000
	S[11,37]	0.4442	0.1361	0.02267	0.4801	0.6062	210000
	S[11,38]	0.4364	0.1341	0.02248	0.4711	0.598	210000
	S[11,39]	0.4287	0.1322	0.0202	0.4622	0.59	210000
	S[11,40]	0.4212	0.1303	0.01988	0.4535	0.5821	210000
	S[11,41]	0.4138	0.1284	0.0195	0.445	0.5744	210000
	S[11,42]	0.4066	0.1266	0.01918	0.4367	0.5667	210000
	S[11,43]	0.3994	0.1248	0.0189	0.4286	0.5591	210000
	S[11,44]	0.3924	0.123	0.01853	0.4207	0.5515	210000
	S[11,45]	0.3856	0.1213	0.01835	0.4128	0.5443	210000
	S[11,46]	0.3788	0.1196	0.01813	0.4051	0.537	210000
	S[11,47]	0.3722	0.1179	0.01814	0.3975	0.5297	210000
	S[11,48]	0.3657	0.1163	0.01783	0.3902	0.5226	210000
	S[11,49]	0.3593	0.1147	0.01687	0.3829	0.5157	210000
	S[11,50]	0.353	0.1131	0.01659	0.3759	0.5088	210000
	S[11,51]	0.3469	0.1116	0.01631	0.369	0.5021	210000
	S[11,52]	0.3408	0.1101	0.01603	0.3622	0.4955	210000
	S[11,53]	0.3349	0.1086	0.01576	0.3555	0.4888	210000
	S[11,54]	0.329	0.1072	0.01553	0.3489	0.4823	210000
	S[11,55]	0.3233	0.1057	0.01525	0.3425	0.476	210000
	S[11,56]	0.3177	0.1043	0.01501	0.3362	0.4697	210000
	S[11,57]	0.3122	0.103	0.01484	0.3301	0.4635	210000
	S[11,58]	0.3067	0.1016	0.01455	0.324	0.4573	210000
	S[11,59]	0.3014	0.1003	0.01429	0.3181	0.4511	210000
	S[11,60]	0.2962	0.09899	0.0141	0.3123	0.4452	210000
	S[11,61]	0.291	0.09771	0.01387	0.3065	0.4394	210000
	S[11,62]	0.286	0.09645	0.01363	0.3009	0.4335	210000
	S[11,63]	0.281	0.09521	0.01349	0.2953	0.4278	210000
	S[11,64]	0.2762	0.09399	0.01325	0.2898	0.4223	210000
	S[11,65]	0.2714	0.09279	0.01299	0.2845	0.4167	210000
	S[11,66]	0.2667	0.09162	0.01282	0.2793	0.4112	210000
	S[11,67]	0.2621	0.09046	0.01261	0.2742	0.4058	210000
	S[11,68]	0.2575	0.08932	0.01242	0.2692	0.4006	210000
	S[11,69]	0.2531	0.08819	0.01219	0.2643	0.3953	210000
	S[11,70]	0.2487	0.08709	0.01202	0.2594	0.3902	210000
	S[11,71]	0.2444	0.086	0.01182	0.2547	0.385	210000
	S[11,72]	0.2402	0.08493	0.01168	0.25	0.3799	210000
	S[11,73]	0.2361	0.08388	0.01148	0.2454	0.3749	210000
	S[11,74]	0.232	0.08284	0.01132	0.241	0.37	210000
	S[11,75]	0.228	0.08181	0.01108	0.2366	0.3651	210000
	S[11,76]	0.2241	0.08081	0.0109	0.2322	0.3604	210000
	S[11,77]	0.2202	0.07981	0.01067	0.228	0.3557	210000
	S[11,78]	0.2164	0.07884	0.01052	0.2238	0.351	210000
	S[11,79]	0.2127	0.07787	0.01035	0.2198	0.3464	210000
	S[11,80]	0.2091	0.07692	0.01026	0.2158	0.3419	210000
	S[11,81]	0.2055	0.07599	0.01007	0.2118	0.3374	210000
	S[11,82]	0.2019	0.07506	0.009402	0.208	0.333	210000
	S[11,83]	0.1985	0.07415	0.009238	0.2042	0.3287	210000
	S[11,84]	0.1951	0.07325	0.009107	0.2005	0.3244	210000
	S[11,85]	0.1917	0.07237	0.008944	0.1969	0.3201	210000
	S[11,86]	0.1885	0.0715	0.008815	0.1933	0.316	210000
	S[11,87]	0.1852	0.07064	0.008644	0.1898	0.3118	210000
	S[11,88]	0.1821	0.06979	0.00852	0.1863	0.3078	210000
	S[11,89]	0.179	0.06895	0.00838	0.183	0.3037	210000
	S[11,90]	0.1759	0.06812	0.00826	0.1796	0.2997	210000
	S[11,91]	0.1729	0.06731	0.008149	0.1764	0.2958	210000
	S[11,92]	0.1699	0.0665	0.008041	0.1732	0.292	210000
	S[11,93]	0.1671	0.06571	0.007944	0.1701	0.2881	210000
	S[11,94]	0.1642	0.06492	0.007809	0.167	0.2843	210000
	S[11,95]	0.1614	0.06415	0.007696	0.164	0.2806	210000
	S[11,96]	0.1587	0.06339	0.00759	0.161	0.2769	210000
	S[11,97]	0.156	0.06263	0.00747	0.1581	0.2732	210000
	S[11,98]	0.1533	0.06189	0.007358	0.1552	0.2697	210000
	S[11,99]	0.1507	0.06116	0.007227	0.1524	0.2662	210000
	S[11,100]	0.1481	0.06043	0.007145	0.1496	0.2629	210000
	S[11,101]	0.1456	0.05971	0.00703	0.1469	0.2594	210000
	S[11,102]	0.1432	0.05901	0.0069	0.1443	0.256	210000
	S[11,103]	0.1407	0.05831	0.006799	0.1417	0.2527	210000
	S[11,104]	0.1383	0.05762	0.006696	0.1391	0.2494	210000
	S[11,105]	0.136	0.05694	0.006597	0.1366	0.2461	210000
	S[11,106]	0.1337	0.05627	0.006465	0.1342	0.2429	210000
	S[11,107]	0.1314	0.0556	0.006361	0.1317	0.2397	210000
	S[11,108]	0.1292	0.05495	0.006255	0.1294	0.2366	210000
	S[11,109]	0.127	0.0543	0.006176	0.127	0.2336	210000
	S[11,110]	0.1249	0.05366	0.006065	0.1247	0.2305	210000
	S[11,111]	0.1228	0.05303	0.005987	0.1225	0.2276	210000
	S[11,112]	0.1207	0.0524	0.005896	0.1203	0.2246	210000
	S[11,113]	0.1187	0.05179	0.005803	0.1181	0.2218	210000
	S[11,114]	0.1167	0.05118	0.005699	0.116	0.219	210000
	S[11,115]	0.1147	0.05057	0.005612	0.1139	0.2161	210000
	S[11,116]	0.1128	0.04998	0.005529	0.1118	0.2133	210000
	S[11,117]	0.1109	0.04939	0.005433	0.1098	0.2105	210000
	S[11,118]	0.109	0.04881	0.005342	0.1079	0.2077	210000
	S[11,119]	0.1072	0.04824	0.005264	0.1059	0.205	210000
	S[11,120]	0.1054	0.04767	0.005183	0.104	0.2032	210000
	S[12,1]	0.6965	0.3644	1.917E-5	0.8964	0.9997	210000
	S[12,2]	0.682	0.3596	1.889E-5	0.8736	0.9933	210000
	S[12,3]	0.67	0.3542	1.883E-5	0.8564	0.9825	210000
	S[12,4]	0.6587	0.3485	1.863E-5	0.8408	0.9702	210000
	S[12,5]	0.6477	0.3428	1.87E-5	0.8267	0.9577	210000
	S[12,6]	0.6369	0.3372	1.866E-5	0.8125	0.9453	210000
	S[12,7]	0.6264	0.3316	1.864E-5	0.7985	0.9331	210000
	S[12,8]	0.6161	0.3261	1.85E-5	0.7848	0.9213	210000
	S[12,9]	0.606	0.3208	1.869E-5	0.7707	0.9097	210000
	S[12,10]	0.596	0.3155	1.863E-5	0.7568	0.8984	210000
	S[12,11]	0.5862	0.3104	1.845E-5	0.7432	0.8873	210000
	S[12,12]	0.5767	0.3053	1.831E-5	0.7298	0.8765	210000
	S[12,13]	0.5672	0.3004	1.815E-5	0.716	0.8658	210000
	S[12,14]	0.558	0.2955	1.8E-5	0.7025	0.8556	210000
	S[12,15]	0.5489	0.2908	1.818E-5	0.6895	0.8454	210000
	S[12,16]	0.54	0.2862	1.799E-5	0.6766	0.8353	210000
	S[12,17]	0.5312	0.2816	1.794E-5	0.6638	0.8255	210000
	S[12,18]	0.5226	0.2772	1.792E-5	0.6516	0.8159	210000
	S[12,19]	0.5141	0.2729	1.787E-5	0.6394	0.8063	210000
	S[12,20]	0.5058	0.2686	1.788E-5	0.6275	0.7971	210000
	S[12,21]	0.4976	0.2645	1.785E-5	0.6154	0.7879	210000
	S[12,22]	0.4896	0.2604	1.784E-5	0.6036	0.7788	210000
	S[12,23]	0.4817	0.2564	1.777E-5	0.5921	0.7699	210000
	S[12,24]	0.4739	0.2526	1.772E-5	0.581	0.761	210000
	S[12,25]	0.4663	0.2487	1.798E-5	0.57	0.7524	210000
	S[12,26]	0.4588	0.245	1.77E-5	0.5593	0.7439	210000
	S[12,27]	0.4515	0.2414	1.759E-5	0.5486	0.7354	210000
	S[12,28]	0.4442	0.2378	1.76E-5	0.5382	0.7272	210000
	S[12,29]	0.4371	0.2343	1.753E-5	0.5281	0.719	210000
	S[12,30]	0.4301	0.2308	1.75E-5	0.5183	0.711	210000
	S[12,31]	0.4233	0.2275	1.746E-5	0.5084	0.7029	210000
	S[12,32]	0.4165	0.2242	1.745E-5	0.4987	0.6951	210000
	S[12,33]	0.4099	0.221	1.741E-5	0.4893	0.6874	210000
	S[12,34]	0.4034	0.2178	1.736E-5	0.4801	0.6799	210000
	S[12,35]	0.397	0.2147	1.713E-5	0.4713	0.6724	210000
	S[12,36]	0.3907	0.2117	1.707E-5	0.4626	0.6652	210000
	S[12,37]	0.3845	0.2087	1.725E-5	0.4541	0.6578	210000
	S[12,38]	0.3784	0.2058	1.719E-5	0.4457	0.6504	210000
	S[12,39]	0.3724	0.2029	1.714E-5	0.4374	0.6433	210000
	S[12,40]	0.3665	0.2001	1.697E-5	0.4293	0.6362	210000
	S[12,41]	0.3607	0.1973	1.701E-5	0.4215	0.6293	210000
	S[12,42]	0.355	0.1946	1.696E-5	0.4138	0.6225	210000
	S[12,43]	0.3494	0.192	1.715E-5	0.4062	0.6158	210000
	S[12,44]	0.3439	0.1894	1.705E-5	0.3986	0.6093	210000
	S[12,45]	0.3385	0.1868	1.706E-5	0.3915	0.6027	210000
	S[12,46]	0.3332	0.1843	1.696E-5	0.3844	0.5959	210000
	S[12,47]	0.328	0.1818	1.683E-5	0.3773	0.5895	210000
	S[12,48]	0.3229	0.1794	1.661E-5	0.3703	0.5832	210000
	S[12,49]	0.3178	0.177	1.656E-5	0.3635	0.577	210000
	S[12,50]	0.3128	0.1747	1.672E-5	0.3569	0.5707	210000
	S[12,51]	0.308	0.1724	1.647E-5	0.3505	0.5646	210000
	S[12,52]	0.3032	0.1702	1.642E-5	0.3442	0.5584	210000
	S[12,53]	0.2984	0.168	1.653E-5	0.338	0.5524	210000
	S[12,54]	0.2938	0.1658	1.629E-5	0.3318	0.5465	210000
	S[12,55]	0.2892	0.1637	1.634E-5	0.3257	0.5406	210000
	S[12,56]	0.2847	0.1616	1.631E-5	0.3198	0.5347	210000
	S[12,57]	0.2803	0.1595	1.62E-5	0.3141	0.5291	210000
	S[12,58]	0.276	0.1575	1.623E-5	0.3085	0.5236	210000
	S[12,59]	0.2717	0.1555	1.609E-5	0.303	0.518	210000
	S[12,60]	0.2675	0.1535	1.607E-5	0.2976	0.5126	210000
	S[12,61]	0.2634	0.1516	1.602E-5	0.2923	0.5071	210000
	S[12,62]	0.2593	0.1497	1.6E-5	0.2871	0.5018	210000
	S[12,63]	0.2553	0.1479	1.616E-5	0.282	0.4965	210000
	S[12,64]	0.2514	0.146	1.594E-5	0.277	0.491	210000
	S[12,65]	0.2475	0.1442	1.617E-5	0.2719	0.4859	210000
	S[12,66]	0.2437	0.1424	1.598E-5	0.267	0.4807	210000
	S[12,67]	0.24	0.1407	1.606E-5	0.2622	0.4756	210000
	S[12,68]	0.2363	0.139	1.585E-5	0.2576	0.4706	210000
	S[12,69]	0.2327	0.1373	1.593E-5	0.253	0.4655	210000
	S[12,70]	0.2291	0.1356	1.597E-5	0.2486	0.4606	210000
	S[12,71]	0.2256	0.134	1.592E-5	0.2442	0.4559	210000
	S[12,72]	0.2222	0.1324	1.555E-5	0.2399	0.451	210000
	S[12,73]	0.2188	0.1308	1.565E-5	0.2357	0.4463	210000
	S[12,74]	0.2155	0.1292	1.552E-5	0.2315	0.4417	210000
	S[12,75]	0.2122	0.1277	1.545E-5	0.2274	0.4371	210000
	S[12,76]	0.209	0.1262	1.557E-5	0.2234	0.4325	210000
	S[12,77]	0.2058	0.1247	1.54E-5	0.2195	0.428	210000
	S[12,78]	0.2027	0.1232	1.552E-5	0.2156	0.4235	210000
	S[12,79]	0.1996	0.1218	1.521E-5	0.2119	0.4191	210000
	S[12,80]	0.1966	0.1204	1.528E-5	0.2082	0.4147	210000
	S[12,81]	0.1936	0.1189	1.524E-5	0.2045	0.4103	210000
	S[12,82]	0.1907	0.1176	1.514E-5	0.2009	0.4059	210000
	S[12,83]	0.1878	0.1162	1.519E-5	0.1974	0.4016	210000
	S[12,84]	0.185	0.1149	1.514E-5	0.194	0.3973	210000
	S[12,85]	0.1822	0.1135	1.506E-5	0.1906	0.3931	210000
	S[12,86]	0.1795	0.1122	1.507E-5	0.1872	0.389	210000
	S[12,87]	0.1768	0.1109	1.525E-5	0.1839	0.3849	210000
	S[12,88]	0.1741	0.1097	1.502E-5	0.1807	0.3808	210000
	S[12,89]	0.1715	0.1084	1.505E-5	0.1775	0.3769	210000
	S[12,90]	0.169	0.1072	1.498E-5	0.1744	0.3728	210000
	S[12,91]	0.1664	0.106	1.506E-5	0.1713	0.3689	210000
	S[12,92]	0.1639	0.1048	1.492E-5	0.1683	0.3652	210000
	S[12,93]	0.1615	0.1036	1.502E-5	0.1654	0.3613	210000
	S[12,94]	0.1591	0.1024	1.508E-5	0.1625	0.3577	210000
	S[12,95]	0.1567	0.1012	1.478E-5	0.1596	0.3539	210000
	S[12,96]	0.1544	0.1001	1.475E-5	0.1568	0.3503	210000
	S[12,97]	0.1521	0.09899	1.472E-5	0.1541	0.3467	210000
	S[12,98]	0.1498	0.09789	1.475E-5	0.1514	0.343	210000
	S[12,99]	0.1476	0.09679	1.469E-5	0.1488	0.3395	210000
	S[12,100]	0.1454	0.09572	1.464E-5	0.1462	0.3359	210000
	S[12,101]	0.1433	0.09466	1.485E-5	0.1437	0.3324	210000
	S[12,102]	0.1411	0.09361	1.471E-5	0.1412	0.329	210000
	S[12,103]	0.1391	0.09257	1.483E-5	0.1388	0.3255	210000
	S[12,104]	0.137	0.09155	1.465E-5	0.1364	0.3222	210000
	S[12,105]	0.135	0.09054	1.462E-5	0.134	0.3188	210000
	S[12,106]	0.133	0.08955	1.457E-5	0.1317	0.3157	210000
	S[12,107]	0.131	0.08857	1.453E-5	0.1294	0.3125	210000
	S[12,108]	0.1291	0.0876	1.458E-5	0.1271	0.3091	210000
	S[12,109]	0.1272	0.08664	1.46E-5	0.125	0.3059	210000
	S[12,110]	0.1254	0.08569	1.456E-5	0.1228	0.3027	210000
	S[12,111]	0.1235	0.08476	1.458E-5	0.1207	0.2995	210000
	S[12,112]	0.1217	0.08384	1.436E-5	0.1186	0.2964	210000
	S[12,113]	0.1199	0.08293	1.441E-5	0.1166	0.2934	210000
	S[12,114]	0.1182	0.08203	1.442E-5	0.1146	0.2905	210000
	S[12,115]	0.1164	0.08115	1.419E-5	0.1126	0.2874	210000
	S[12,116]	0.1147	0.08027	1.416E-5	0.1107	0.2845	210000
	S[12,117]	0.1131	0.0794	1.437E-5	0.1088	0.2815	210000
	S[12,118]	0.1114	0.07855	1.413E-5	0.107	0.2786	210000
	S[12,119]	0.1098	0.07771	1.413E-5	0.1051	0.2757	210000
	S[12,120]	0.1082	0.07687	1.416E-5	0.1033	0.2729	210000
	S[13,1]	0.7478	0.4052	1.163E-9	0.999	1.002	210000
	S[13,2]	0.737	0.4024	9.1E-9	0.9845	1.001	210000
	S[13,3]	0.7225	0.3963	-7.98E-8	0.9601	0.9974	210000
	S[13,4]	0.7047	0.3878	-5.744E-8	0.9312	0.9888	210000
	S[13,5]	0.6846	0.3777	-9.797E-8	0.9003	0.9742	210000
	S[13,6]	0.6634	0.3667	-6.536E-10	0.8681	0.9557	210000
	S[13,7]	0.6416	0.3553	5.302E-8	0.8356	0.9349	210000
	S[13,8]	0.6198	0.3438	-5.606E-8	0.8034	0.9133	210000
	S[13,9]	0.5981	0.3324	-2.016E-8	0.7714	0.8914	210000
	S[13,10]	0.5769	0.3213	-9.01E-8	0.7405	0.8695	210000
	S[13,11]	0.5561	0.3104	-5.645E-8	0.7103	0.848	210000
	S[13,12]	0.5359	0.2999	-6.751E-8	0.6808	0.8272	210000
	S[13,13]	0.5163	0.2897	-1.123E-7	0.6525	0.8067	210000
	S[13,14]	0.4973	0.28	-5.622E-8	0.6254	0.7869	210000
	S[13,15]	0.479	0.2706	5.528E-8	0.5991	0.7676	210000
	S[13,16]	0.4613	0.2616	-4.38E-10	0.5738	0.749	210000
	S[13,17]	0.4443	0.253	-1.153E-7	0.5495	0.7308	210000
	S[13,18]	0.4278	0.2448	1.998E-8	0.5262	0.7131	210000
	S[13,19]	0.412	0.2369	-6.149E-8	0.5039	0.6958	210000
	S[13,20]	0.3968	0.2293	-9.638E-8	0.4824	0.6791	210000
	S[13,21]	0.3821	0.2221	-8.832E-8	0.4619	0.6629	210000
	S[13,22]	0.368	0.2151	5.188E-8	0.4423	0.6469	210000
	S[13,23]	0.3545	0.2085	-5.977E-8	0.4235	0.6316	210000
	S[13,24]	0.3414	0.2021	4.737E-8	0.4056	0.6165	210000
	S[13,25]	0.3289	0.1959	-3.271E-8	0.3884	0.6018	210000
	S[13,26]	0.3168	0.1901	-7.274E-8	0.3719	0.5876	210000
	S[13,27]	0.3053	0.1844	-2.474E-8	0.3561	0.5737	210000
	S[13,28]	0.2941	0.179	-7.235E-8	0.341	0.56	210000
	S[13,29]	0.2834	0.1738	-1.019E-7	0.3264	0.5468	210000
	S[13,30]	0.2731	0.1687	4.316E-8	0.3127	0.534	210000
	S[13,31]	0.2632	0.1639	-7.481E-8	0.2994	0.5213	210000
	S[13,32]	0.2537	0.1592	-6.661E-8	0.2868	0.509	210000
	S[13,33]	0.2445	0.1548	-1.032E-7	0.2746	0.497	210000
	S[13,34]	0.2357	0.1504	-5.451E-8	0.263	0.4855	210000
	S[13,35]	0.2272	0.1463	-7.361E-9	0.2519	0.4741	210000
	S[13,36]	0.2191	0.1422	-4.538E-8	0.2414	0.463	210000
	S[13,37]	0.2113	0.1384	-7.945E-8	0.2312	0.4521	210000
	S[13,38]	0.2037	0.1346	-5.102E-8	0.2215	0.4416	210000
	S[13,39]	0.1965	0.131	-9.718E-8	0.2122	0.4312	210000
	S[13,40]	0.1895	0.1275	2.829E-8	0.2033	0.4212	210000
	S[13,41]	0.1828	0.1241	-4.138E-8	0.1947	0.4114	210000
	S[13,42]	0.1763	0.1208	-7.323E-8	0.1866	0.4017	210000
	S[13,43]	0.1701	0.1176	4.168E-8	0.1787	0.3924	210000
	S[13,44]	0.1642	0.1145	-4.999E-8	0.1712	0.3835	210000
	S[13,45]	0.1584	0.1115	4.147E-8	0.1641	0.3746	210000
	S[13,46]	0.1529	0.1086	-1.416E-8	0.1572	0.3659	210000
	S[13,47]	0.1475	0.1058	-1.498E-8	0.1507	0.3573	210000
	S[13,48]	0.1424	0.1031	-1.013E-7	0.1444	0.3489	210000
	S[13,49]	0.1375	0.1005	-4.687E-8	0.1384	0.3409	210000
	S[13,50]	0.1327	0.09792	5.06E-8	0.1327	0.3331	210000
	S[13,51]	0.1281	0.09544	4.548E-8	0.1272	0.3253	210000
	S[13,52]	0.1237	0.09303	-5.655E-8	0.1219	0.318	210000
	S[13,53]	0.1195	0.09069	-1.02E-7	0.1168	0.3105	210000
	S[13,54]	0.1154	0.08841	-4.489E-8	0.1119	0.3033	210000
	S[13,55]	0.1114	0.0862	-4.475E-8	0.1073	0.2963	210000
	S[13,56]	0.1076	0.08405	-4.26E-8	0.1028	0.2893	210000
	S[13,57]	0.104	0.08197	4.039E-8	0.09849	0.2827	210000
	S[13,58]	0.1004	0.07994	-9.846E-8	0.09439	0.2761	210000
	S[13,59]	0.09704	0.07797	-4.062E-8	0.09049	0.2697	210000
	S[13,60]	0.09376	0.07605	-3.433E-8	0.08674	0.2634	210000
	S[13,61]	0.0906	0.07418	-3.885E-8	0.08314	0.2574	210000
	S[13,62]	0.08756	0.07237	-6.759E-8	0.07969	0.2514	210000
	S[13,63]	0.08462	0.0706	-8.31E-8	0.07636	0.2455	210000
	S[13,64]	0.08179	0.06888	-1.037E-7	0.07321	0.2398	210000
	S[13,65]	0.07906	0.06721	-6.055E-9	0.07015	0.2343	210000
	S[13,66]	0.07643	0.06558	2.929E-8	0.06725	0.2289	210000
	S[13,67]	0.07389	0.064	3.143E-8	0.06444	0.2237	210000
	S[13,68]	0.07144	0.06246	-7.74E-8	0.06176	0.2186	210000
	S[13,69]	0.06908	0.06095	-2.9E-8	0.05921	0.2136	210000
	S[13,70]	0.0668	0.05949	-1.465E-8	0.05675	0.2087	210000
	S[13,71]	0.06461	0.05807	3.086E-9	0.05439	0.2038	210000
	S[13,72]	0.06249	0.05668	1.346E-8	0.05214	0.1991	210000
	S[13,73]	0.06044	0.05533	-1.052E-7	0.04999	0.1947	210000
	S[13,74]	0.05847	0.05401	4.763E-8	0.04794	0.1902	210000
	S[13,75]	0.05656	0.05273	-6.398E-9	0.04596	0.1859	210000
	S[13,76]	0.05472	0.05148	2.37E-9	0.04408	0.1816	210000
	S[13,77]	0.05295	0.05026	3.627E-8	0.04225	0.1774	210000
	S[13,78]	0.05123	0.04908	1.545E-8	0.04052	0.1734	210000
	S[13,79]	0.04958	0.04792	2.26E-8	0.03886	0.1695	210000
	S[13,80]	0.04798	0.04679	3.137E-8	0.03727	0.1657	210000
	S[13,81]	0.04644	0.04569	-9.316E-8	0.03573	0.1619	210000
	S[13,82]	0.04495	0.04462	-5.521E-9	0.03425	0.1582	210000
	S[13,83]	0.04351	0.04358	-2.071E-4	0.03284	0.1545	210000
	S[13,84]	0.04212	0.04256	-4.809E-4	0.03147	0.151	210000
	S[13,85]	0.04078	0.04157	-0.001928	0.03017	0.1475	210000
	S[13,86]	0.03948	0.0406	-0.002186	0.02892	0.1442	210000
	S[13,87]	0.03823	0.03966	-0.002184	0.02773	0.1409	210000
	S[13,88]	0.03702	0.03874	-0.002181	0.02659	0.1377	210000
	S[13,89]	0.03585	0.03784	-0.002182	0.02552	0.1346	210000
	S[13,90]	0.03472	0.03697	-0.002178	0.02446	0.1315	210000
	S[13,91]	0.03363	0.03612	-0.002173	0.02346	0.1285	210000
	S[13,92]	0.03257	0.03528	-0.002175	0.02249	0.1256	210000
	S[13,93]	0.03155	0.03447	-0.002176	0.02158	0.1228	210000
	S[13,94]	0.03056	0.03368	-0.002159	0.02069	0.12	210000
	S[13,95]	0.02961	0.03291	-0.002174	0.01984	0.1173	210000
	S[13,96]	0.02869	0.03216	-0.00218	0.01903	0.1146	210000
	S[13,97]	0.0278	0.03142	-0.002188	0.01824	0.1121	210000
	S[13,98]	0.02694	0.03071	-0.002176	0.01749	0.1095	210000
	S[13,99]	0.0261	0.03001	-0.002178	0.01677	0.1071	210000
	S[13,100]	0.0253	0.02932	-0.002166	0.01608	0.1046	210000
	S[13,101]	0.02452	0.02866	-0.002139	0.01542	0.1022	210000
	S[13,102]	0.02377	0.02801	-0.002169	0.01479	0.09989	210000
	S[13,103]	0.02304	0.02738	-0.002165	0.01418	0.09759	210000
	S[13,104]	0.02233	0.02676	-0.002186	0.0136	0.09538	210000
	S[13,105]	0.02165	0.02615	-0.002169	0.01303	0.09317	210000
	S[13,106]	0.02099	0.02556	-0.002182	0.0125	0.09112	210000
	S[13,107]	0.02035	0.02499	-0.002173	0.01199	0.08905	210000
	S[13,108]	0.01973	0.02443	-0.002172	0.0115	0.08703	210000
	S[13,109]	0.01914	0.02388	-0.002154	0.01103	0.08506	210000
	S[13,110]	0.01856	0.02335	-0.002181	0.01058	0.08313	210000
	S[13,111]	0.018	0.02283	-0.002162	0.01014	0.08125	210000
	S[13,112]	0.01746	0.02232	-0.002124	0.009727	0.07942	210000
	S[13,113]	0.01693	0.02182	-0.002118	0.009332	0.07762	210000
	S[13,114]	0.01642	0.02133	-0.002168	0.008955	0.07587	210000
	S[13,115]	0.01593	0.02086	-0.002162	0.008588	0.07416	210000
	S[13,116]	0.01546	0.0204	-0.002154	0.008237	0.07243	210000
	S[13,117]	0.01499	0.01995	-0.002149	0.0079	0.07079	210000
	S[13,118]	0.01455	0.01951	-0.002174	0.007578	0.0692	210000
	S[13,119]	0.01412	0.01908	-0.002177	0.007271	0.06765	210000
	S[13,120]	0.0137	0.01866	-0.002168	0.006973	0.06615	210000
	rk60[1,1]	0.1154	0.3196	-0.002184	8.958E-11	1.0	210000
	rk60[1,2]	0.2942	0.4557	-0.002183	-7.468E-9	1.002	210000
	rk60[1,3]	0.3001	0.4583	-0.002182	4.591E-8	1.002	210000
	rk60[1,4]	0.1687	0.3744	-0.002184	4.269E-12	1.0	210000
	rk60[1,5]	0.07371	0.2613	-0.002183	-1.686E-8	1.0	210000
	rk60[1,6]	0.03211	0.1763	-0.002215	5.485E-15	0.03748	210000
	rk60[1,7]	0.01264	0.1117	-0.002185	-1.58E-8	0.002673	210000
	rk60[1,8]	0.002895	0.05373	-0.00219	1.564E-8	0.002228	210000
	rk60[1,9]	2.81E-4	0.01676	-0.002186	1.56E-8	0.002184	210000
	rk60[1,10]	3.333E-5	0.005773	-0.002186	-1.56E-8	0.002184	210000
	rk60[1,11]	0.0	1.0E-15	-0.002186	-1.56E-8	0.002186	210000
	rk60[1,12]	0.0	1.0E-15	-0.002186	-1.56E-8	0.002186	210000
	rk60[1,13]	0.0	1.0E-15	-0.002186	-1.56E-8	0.002186	210000
	rk60[2,1]	0.03051	0.172	-0.002183	1.61E-8	0.9317	210000
	rk60[2,2]	0.07543	0.2641	-0.002183	1.686E-8	1.0	210000
	rk60[2,3]	0.1334	0.34	-0.002181	5.877E-13	1.0	210000
	rk60[2,4]	0.2038	0.4028	-0.002183	1.673E-8	1.0	210000
	rk60[2,5]	0.2167	0.412	-0.002184	5.289E-10	1.0	210000
	rk60[2,6]	0.1571	0.3639	-0.002186	-1.852E-8	1.0	210000
	rk60[2,7]	0.09436	0.2923	-0.002183	-4.638E-14	1.0	210000
	rk60[2,8]	0.0515	0.221	-0.002186	4.87E-15	1.0	210000
	rk60[2,9]	0.02524	0.1569	-0.002188	-1.601E-8	0.009342	210000
	rk60[2,10]	0.009643	0.09772	-0.002188	-1.137E-13	0.00239	210000
	rk60[2,11]	0.002476	0.0497	-0.002202	1.564E-8	0.002189	210000
	rk60[2,12]	5.429E-4	0.02329	-0.002186	1.561E-8	0.002181	210000
	rk60[2,13]	5.714E-5	0.007559	-0.002186	-1.56E-8	0.002186	210000
	rk60[3,1]	0.001652	0.04062	-0.002186	-1.563E-8	0.002219	210000
	rk60[3,2]	0.003824	0.06172	-0.002188	-1.566E-8	0.002246	210000
	rk60[3,3]	0.005605	0.07465	-0.002191	1.569E-8	0.002177	210000
	rk60[3,4]	0.01237	0.1105	-0.002187	-1.579E-8	0.002289	210000
	rk60[3,5]	0.03635	0.1872	-0.002187	1.942E-16	1.0	210000
	rk60[3,6]	0.08395	0.2773	-0.002183	1.7E-8	1.0	210000
	rk60[3,7]	0.1381	0.345	-0.002183	-1.805E-8	1.0	210000
	rk60[3,8]	0.1781	0.3826	-0.002183	-1.893E-8	1.0	210000
	rk60[3,9]	0.185	0.3883	-0.002184	-1.917E-8	1.0	210000
	rk60[3,10]	0.1528	0.3598	-0.002185	-1.843E-8	1.0	210000
	rk60[3,11]	0.1135	0.3172	-0.002107	1.761E-8	1.0	210000
	rk60[3,12]	0.06349	0.2438	-0.002183	8.974E-14	1.0	210000
	rk60[3,13]	0.02538	0.1573	-0.002186	-1.602E-8	0.00837	210000
	rk60[4,1]	0.02352	0.1515	-0.002193	8.251E-18	0.8709	210000
	rk60[4,2]	0.03911	0.1939	-0.002186	1.623E-8	1.0	210000
	rk60[4,3]	0.06188	0.2409	-0.002185	4.15E-14	1.0	210000
	rk60[4,4]	0.1169	0.3213	-0.002183	1.766E-8	1.0	210000
	rk60[4,5]	0.1887	0.3912	-0.002183	-1.912E-8	1.0	210000
	rk60[4,6]	0.2004	0.4003	-0.002183	-1.172E-8	1.0	210000
	rk60[4,7]	0.1513	0.3583	-0.002183	-1.54E-13	1.0	210000
	rk60[4,8]	0.1013	0.3017	-0.002185	-1.736E-8	1.0	210000
	rk60[4,9]	0.06467	0.2459	-0.002177	1.669E-8	1.0	210000
	rk60[4,10]	0.03514	0.1841	-0.002185	-1.617E-8	1.0	210000
	rk60[4,11]	0.01419	0.1183	-0.002186	-1.583E-8	0.002179	210000
	rk60[4,12]	0.0045	0.06693	-0.002186	1.567E-8	0.002302	210000
	rk60[4,13]	8.286E-4	0.02877	-0.002186	-1.561E-8	0.002187	210000
	rk60[5,1]	5.238E-5	0.007237	-0.002186	1.56E-8	0.002186	210000
	rk60[5,2]	1.952E-4	0.01397	-0.002186	-1.56E-8	0.00219	210000
	rk60[5,3]	0.001262	0.0355	-0.002186	1.562E-8	0.00219	210000
	rk60[5,4]	0.006686	0.08149	-0.002184	1.571E-8	0.002232	210000
	rk60[5,5]	0.02777	0.1643	-0.002188	3.208E-8	0.08977	210000
	rk60[5,6]	0.08127	0.2732	-0.002183	-1.698E-8	1.0	210000
	rk60[5,7]	0.1431	0.3502	-0.002182	6.765E-12	1.0	210000
	rk60[5,8]	0.1773	0.3819	-0.002183	1.896E-8	1.0	210000
	rk60[5,9]	0.176	0.3809	-0.002184	1.892E-8	1.0	210000
	rk60[5,10]	0.1556	0.3624	-0.002185	1.848E-8	1.0	210000
	rk60[5,11]	0.1229	0.3283	-0.002187	-9.002E-14	1.0	210000
	rk60[5,12]	0.07437	0.2624	-0.002182	1.686E-8	1.0	210000
	rk60[5,13]	0.03363	0.1803	-0.002186	-1.614E-8	0.9999	210000
	rk60[6,1]	0.03457	0.1827	-0.002182	1.616E-8	1.0	210000
	rk60[6,2]	0.1264	0.3323	-0.002185	-1.783E-8	1.0	210000
	rk60[6,3]	0.2283	0.4197	-0.002184	3.252E-9	1.0	210000
	rk60[6,4]	0.2496	0.4328	-0.002184	5.205E-9	1.0	210000
	rk60[6,5]	0.1817	0.3856	-0.002183	-1.905E-8	1.0	210000
	rk60[6,6]	0.0982	0.2976	-0.002186	-1.731E-8	1.0	210000
	rk60[6,7]	0.04917	0.2162	-0.002185	5.442E-14	1.0	210000
	rk60[6,8]	0.02203	0.1468	-0.002184	-1.596E-8	0.007046	210000
	rk60[6,9]	0.008176	0.09005	-0.002186	1.573E-8	0.002264	210000
	rk60[6,10]	0.001814	0.04256	-0.002186	-1.563E-8	0.002182	210000
	rk60[6,11]	1.524E-4	0.01234	-0.002186	1.56E-8	0.002184	210000
	rk60[6,12]	0.0	1.0E-15	-0.002186	-1.56E-8	0.002186	210000
	rk60[6,13]	0.0	1.0E-15	-0.002186	-1.56E-8	0.002186	210000
	rk60[7,1]	3.238E-4	0.01799	-0.002186	-1.56E-8	0.002191	210000
	rk60[7,2]	0.00139	0.03726	-0.002186	-1.562E-8	0.00222	210000
	rk60[7,3]	0.006267	0.07891	-0.002186	-1.569E-8	0.002192	210000
	rk60[7,4]	0.02272	0.149	-0.002207	1.596E-8	0.002658	210000
	rk60[7,5]	0.0546	0.2272	-0.00219	1.65E-8	1.0	210000
	rk60[7,6]	0.1016	0.3021	-0.002187	4.929E-15	1.0	210000
	rk60[7,7]	0.1394	0.3464	-0.002182	1.813E-8	1.0	210000
	rk60[7,8]	0.1593	0.366	-0.002186	-1.857E-8	1.0	210000
	rk60[7,9]	0.1559	0.3628	-0.002108	-1.847E-8	1.0	210000
	rk60[7,10]	0.1399	0.3468	-0.002183	1.812E-8	1.0	210000
	rk60[7,11]	0.1121	0.3155	-0.002184	-1.756E-8	1.0	210000
	rk60[7,12]	0.06985	0.2549	-0.002188	1.678E-8	1.0	210000
	rk60[7,13]	0.0366	0.1878	-0.002186	1.621E-8	0.9999	210000
	rk60[8,1]	0.003652	0.06032	-0.002185	1.565E-8	0.002274	210000
	rk60[8,2]	0.02344	0.1513	-0.002186	1.169E-13	0.004352	210000
	rk60[8,3]	0.0405	0.1971	-0.002186	-1.626E-8	1.0	210000
	rk60[8,4]	0.03966	0.1952	-0.002184	-1.625E-8	1.0	210000
	rk60[8,5]	0.04536	0.2081	-0.002189	-1.635E-8	1.0	210000
	rk60[8,6]	0.07035	0.2557	-0.002183	5.931E-14	1.0	210000
	rk60[8,7]	0.1074	0.3097	-0.002182	3.492E-14	1.0	210000
	rk60[8,8]	0.141	0.348	-0.002183	-1.813E-8	1.0	210000
	rk60[8,9]	0.1921	0.3939	-0.002184	2.699E-7	1.0	210000
	rk60[8,10]	0.1916	0.3936	-0.002188	-1.925E-8	1.0	210000
	rk60[8,11]	0.1235	0.329	-0.002184	-1.783E-8	1.0	210000
	rk60[8,12]	0.02803	0.1651	-0.002185	1.605E-8	0.2198	210000
	rk60[8,13]	0.001048	0.03235	-0.002186	1.561E-8	0.002199	210000
	rk60[9,1]	0.005652	0.07497	-0.002186	1.569E-8	0.002287	210000
	rk60[9,2]	0.04543	0.2082	-0.002186	-1.634E-8	0.9999	210000
	rk60[9,3]	0.04396	0.205	-0.002185	-1.213E-13	0.3411	210000
	rk60[9,4]	0.03494	0.1836	-0.002206	1.616E-8	1.0	210000
	rk60[9,5]	0.03567	0.1855	-0.002187	-1.617E-8	1.0	210000
	rk60[9,6]	0.04053	0.1972	-0.002189	-1.626E-8	1.0	210000
	rk60[9,7]	0.04724	0.2121	-0.002187	1.637E-8	1.0	210000
	rk60[9,8]	0.05317	0.2244	-0.002193	-5.064E-19	1.0	210000
	rk60[9,9]	0.06675	0.2496	-0.002184	-1.671E-8	1.0	210000
	rk60[9,10]	0.1178	0.3224	-0.002185	4.267E-13	1.0	210000
	rk60[9,11]	0.2191	0.4136	-0.002183	2.936E-9	1.0	210000
	rk60[9,12]	0.1869	0.3898	-0.002452	1.92E-8	1.0	210000
	rk60[9,13]	0.1035	0.3046	-0.002184	-1.74E-8	1.0	210000
	rk60[10,1]	0.5193	0.4996	-0.002039	0.9981	1.002	210000
	rk60[10,2]	0.1891	0.3916	-0.002182	1.078E-8	1.0	210000
	rk60[10,3]	0.041	0.1983	-0.002186	1.444E-18	1.0	210000
	rk60[10,4]	0.02511	0.1565	-0.002201	1.6E-8	0.005087	210000
	rk60[10,5]	0.02505	0.1563	-0.002186	1.6E-8	0.002791	210000
	rk60[10,6]	0.02506	0.1563	-0.002204	-1.6E-8	0.001927	210000
	rk60[10,7]	0.02172	0.1458	-0.002208	-1.594E-8	0.005143	210000
	rk60[10,8]	0.02184	0.1462	-0.002209	-1.594E-8	0.003254	210000
	rk60[10,9]	0.02737	0.1631	-0.002208	-1.604E-8	0.9983	210000
	rk60[10,10]	0.04169	0.1999	-0.002187	-1.627E-8	1.0	210000
	rk60[10,11]	0.04061	0.1974	-0.002182	7.439E-13	1.0	210000
	rk60[10,12]	0.04328	0.2035	-0.002183	1.096E-12	1.0	210000
	rk60[10,13]	0.0586	0.2349	-0.002183	-1.657E-8	1.0	210000
	rk60[11,1]	0.006476	0.08021	-0.002207	-1.57E-8	0.002371	210000
	rk60[11,2]	0.01734	0.1305	-0.002186	-1.588E-8	0.002766	210000
	rk60[11,3]	0.01942	0.138	-0.002192	1.592E-8	0.003051	210000
	rk60[11,4]	0.01515	0.1222	-0.002183	-1.584E-8	0.00356	210000
	rk60[11,5]	0.01031	0.101	-0.002184	-1.576E-8	0.002162	210000
	rk60[11,6]	0.008562	0.09213	-0.002184	1.573E-8	0.002274	210000
	rk60[11,7]	0.01111	0.1048	-0.002203	-1.578E-8	0.002343	210000
	rk60[11,8]	0.01568	0.1242	-0.002206	-1.585E-8	0.002226	210000
	rk60[11,9]	0.02443	0.1544	-0.002184	-1.6E-8	0.004304	210000
	rk60[11,10]	0.06468	0.246	-0.002182	1.293E-12	1.0	210000
	rk60[11,11]	0.1332	0.3398	-0.002183	8.988E-8	1.0	210000
	rk60[11,12]	0.3295	0.47	-0.002183	8.053E-9	1.002	210000
	rk60[11,13]	0.3534	0.478	-0.002575	1.494E-8	1.002	210000
	rk60[12,1]	0.08055	0.2721	-0.002199	1.322E-13	1.0	210000
	rk60[12,2]	0.09901	0.2987	-0.002185	1.735E-8	1.0	210000
	rk60[12,3]	0.03871	0.1929	-0.002187	1.624E-8	1.0	210000
	rk60[12,4]	0.01727	0.1303	-0.002185	-1.588E-8	0.002377	210000
	rk60[12,5]	0.01425	0.1185	-0.00219	1.147E-13	0.002136	210000
	rk60[12,6]	0.01676	0.1284	-0.00218	-2.265E-18	0.002969	210000
	rk60[12,7]	0.01925	0.1374	-0.002184	1.59E-8	0.002056	210000
	rk60[12,8]	0.02213	0.1471	-0.002182	1.314E-18	0.002339	210000
	rk60[12,9]	0.02967	0.1697	-0.002187	1.608E-8	0.2073	210000
	rk60[12,10]	0.05437	0.2267	-0.002183	-1.649E-8	1.0	210000
	rk60[12,11]	0.09295	0.2904	-0.002185	7.906E-14	1.0	210000
	rk60[12,12]	0.1828	0.3865	-0.002184	-1.895E-8	1.0	210000
	rk60[12,13]	0.3776	0.4848	-0.002186	2.631E-7	1.002	210000
	rk60[13,1]	0.2624	0.4399	-0.002184	-1.134E-8	1.0	210000
	rk60[13,2]	0.1694	0.3751	-0.002184	1.617E-11	1.0	210000
	rk60[13,3]	0.09957	0.2994	-0.002183	-6.869E-14	1.0	210000
	rk60[13,4]	0.0925	0.2897	-0.002183	9.66E-14	1.0	210000
	rk60[13,5]	0.09112	0.2878	-0.002188	4.924E-14	1.0	210000
	rk60[13,6]	0.08425	0.2778	-0.002183	6.335E-14	1.0	210000
	rk60[13,7]	0.06529	0.247	-0.002185	-1.67E-8	1.0	210000
	rk60[13,8]	0.05385	0.2257	-0.002207	1.649E-8	1.0	210000
	rk60[13,9]	0.0444	0.206	-0.002184	-1.632E-8	1.0	210000
	rk60[13,10]	0.03499	0.1837	-0.002185	1.616E-8	0.1206	210000
	rk60[13,11]	0.02544	0.1575	-0.002205	1.6E-8	0.3164	210000
	rk60[13,12]	0.01669	0.1281	-0.002186	-1.586E-8	0.003523	210000
	rk60[13,13]	0.009429	0.09664	-0.002185	-1.575E-8	0.002249	210000

Dbar = post.mean of -2logL; Dhat = -2LogL at post.mean of stochastic nodes
	Dbar	Dhat	pD	DIC	
r	2288.960	2239.720	49.235	2338.190	
total	2288.960	2239.720	49.235	2338.190	
